% millis	setpoint	currentmotorspeed	pwm	pwmrestricted
0	200.00	0.00	255.00	255
6	200.00	0.00	255.00	255
12	200.00	0.00	255.00	255
19	200.00	0.00	255.00	255
43	200.00	0.00	255.00	255
70	200.00	0.00	255.00	255
97	200.00	135.76	255.00	255
126	200.00	135.76	54.06	54
154	200.00	135.76	54.06	54
182	200.00	135.76	54.06	54
210	200.00	208.48	54.06	54
238	200.00	208.48	0.00	0
265	200.00	208.48	0.00	0
290	200.00	208.48	0.00	0
316	200.00	189.09	0.00	0
343	200.00	189.09	178.48	178
372	200.00	189.09	178.48	178
403	200.00	173.33	178.48	178
433	200.00	173.33	178.48	178
463	200.00	173.33	219.06	219
493	200.00	204.85	219.06	219
523	200.00	204.85	219.06	219
553	200.00	204.85	219.06	219
583	200.00	204.85	77.44	77
612	200.00	224.24	77.44	77
640	200.00	224.24	77.44	77
668	200.00	224.24	77.44	77
696	200.00	214.55	43.21	43
723	200.00	214.55	43.21	43
752	200.00	214.55	43.21	43
780	200.00	214.55	43.21	43
808	200.00	195.15	181.51	181
838	200.00	195.15	181.51	181
869	200.00	195.15	181.51	181
899	200.00	196.36	181.51	181
929	200.00	196.36	134.37	134
959	200.00	196.36	134.37	134
989	200.00	196.36	134.37	134
1019	200.00	214.55	134.37	134
1050	200.00	214.55	62.86	62
1080	200.00	214.55	62.86	62
1108	200.00	210.91	62.86	62
1138	200.00	210.91	62.86	62
1167	200.00	210.91	98.79	98
1197	200.00	197.58	98.79	98
1225	200.00	197.58	98.79	98
1254	200.00	197.58	98.79	98
1284	200.00	197.58	143.15	143
1314	200.00	192.73	143.15	143
1346	200.00	192.73	143.15	143
1377	200.00	192.73	143.15	143
1409	200.00	202.42	103.91	103
1439	200.00	202.42	103.91	103
1471	200.00	202.42	103.91	103
1502	200.00	207.27	103.91	103
1533	200.00	207.27	90.16	90
1562	200.00	207.27	90.16	90
1591	200.00	207.27	90.16	90
1620	200.00	201.21	90.16	90
1649	200.00	201.21	119.16	119
1681	200.00	201.21	119.16	119
1712	200.00	197.58	119.16	119
1743	200.00	197.58	119.16	119
1774	200.00	197.58	124.35	124
1806	200.00	201.21	124.35	124
1837	200.00	201.21	124.35	124
1868	200.00	201.21	124.35	124
1899	200.00	206.06	84.90	84
1929	200.00	206.06	84.90	84
1957	200.00	206.06	84.90	84
1986	200.00	206.06	84.90	84
2016	200.00	202.42	110.02	110
2046	200.00	202.42	110.02	110
2078	200.00	202.42	110.02	110
2109	200.00	196.36	110.02	110
2141	200.00	196.36	128.35	128
2171	200.00	196.36	128.35	128
2203	200.00	201.21	128.35	128
2234	200.00	201.21	128.35	128
2266	200.00	201.21	100.79	100
2296	200.00	204.85	100.79	100
2328	200.00	204.85	100.79	100
2359	200.00	204.85	100.79	100
2391	200.00	204.85	92.61	92
2419	200.00	203.64	92.61	92
2448	200.00	203.64	92.61	92
2478	200.00	203.64	92.61	92
2506	200.00	197.58	125.90	125
2538	200.00	197.58	125.90	125
2569	200.00	197.58	125.90	125
2600	200.00	198.79	125.90	125
2631	200.00	198.79	110.93	110
2663	200.00	198.79	110.93	110
2694	200.00	203.64	110.93	110
2724	200.00	203.64	110.93	110
2756	200.00	203.64	93.34	93
2785	200.00	203.64	93.34	93
2814	200.00	203.64	93.34	93
2843	200.00	203.64	93.34	93
2873	200.00	203.64	99.03	99
2902	200.00	197.58	99.03	99
2931	200.00	197.58	99.03	99
2960	200.00	197.58	99.03	99
2990	200.00	197.58	122.34	122
3020	200.00	196.36	122.34	122
3051	200.00	196.36	122.34	122
3083	200.00	196.36	122.34	122
3113	200.00	200.00	104.22	104
3145	200.00	200.00	104.22	104
3176	200.00	200.00	104.22	104
3208	200.00	202.42	104.22	104
3238	200.00	202.42	97.91	97
3268	200.00	202.42	97.91	97
3297	200.00	200.00	97.91	97
3326	200.00	200.00	97.91	97
3355	200.00	200.00	110.48	110
3386	200.00	200.00	110.48	110
3418	200.00	198.79	110.48	110
3448	200.00	198.79	110.48	110
3480	200.00	198.79	111.78	111
3511	200.00	198.79	111.78	111
3543	200.00	198.79	111.78	111
3573	200.00	198.79	111.78	111
3605	200.00	201.21	100.49	100
3636	200.00	201.21	100.49	100
3667	200.00	201.21	100.49	100
3698	200.00	200.00	100.49	100
3730	200.00	200.00	108.63	108
3761	200.00	200.00	108.63	108
3792	200.00	198.79	108.63	108
3823	200.00	198.79	108.63	108
3855	200.00	198.79	111.78	111
3886	200.00	198.79	111.78	111
3916	200.00	200.00	111.78	111
3948	200.00	200.00	111.78	111
3979	200.00	200.00	105.50	105
4011	200.00	201.21	105.50	105
4041	200.00	201.21	105.50	105
4073	200.00	201.21	105.50	105
4104	200.00	200.00	107.35	107
4135	200.00	200.00	107.35	107
4166	200.00	200.00	107.35	107
4198	200.00	201.21	107.35	107
4229	200.00	201.21	102.34	102
4260	200.00	201.21	102.34	102
4291	200.00	201.21	102.34	102
4322	200.00	198.79	102.34	102
4354	200.00	198.79	113.63	113
4384	200.00	198.79	113.63	113
4416	200.00	198.79	113.63	113
4447	200.00	198.79	113.63	113
4478	200.00	198.79	110.50	110
4509	200.00	201.21	110.50	110
4541	200.00	201.21	110.50	110
4572	200.00	201.21	110.50	110
4603	200.00	202.42	96.06	96
4632	200.00	202.42	96.06	96
4662	200.00	202.42	96.06	96
4690	200.00	202.42	96.06	96
4720	200.00	198.79	115.48	115
4751	200.00	198.79	115.48	115
4782	200.00	198.79	115.48	115
4813	200.00	198.79	115.48	115
4844	200.00	198.79	110.50	110
4876	200.00	198.79	110.50	110
4907	200.00	202.42	110.50	110
4938	200.00	202.42	110.50	110
4969	200.00	202.42	96.06	96
4999	200.00	201.21	96.06	96
5027	200.00	201.21	96.06	96
5057	200.00	201.21	96.06	96
5086	200.00	201.21	105.47	105
5116	200.00	198.79	105.47	105
5148	200.00	198.79	105.47	105
5179	200.00	198.79	105.47	105
5211	200.00	197.58	118.07	118
5241	200.00	197.58	118.07	118
5273	200.00	197.58	118.07	118
5304	200.00	200.00	118.07	118
5336	200.00	200.00	103.65	103
5366	200.00	200.00	103.65	103
5398	200.00	202.42	103.65	103
5429	200.00	202.42	103.65	103
5460	200.00	202.42	97.34	97
5489	200.00	202.42	97.34	97
5518	200.00	201.21	97.34	97
5548	200.00	201.21	97.34	97
5576	200.00	201.21	104.90	104
5608	200.00	197.58	104.90	104
5639	200.00	197.58	104.90	104
5670	200.00	197.58	104.90	104
5701	200.00	197.58	117.49	117
5733	200.00	197.58	117.49	117
5764	200.00	197.58	117.49	117
5795	200.00	200.00	117.49	117
5826	200.00	200.00	103.07	103
5858	200.00	200.00	103.07	103
5889	200.00	200.00	103.07	103
5919	200.00	201.21	103.07	103
5951	200.00	201.21	101.77	101
5982	200.00	201.21	101.77	101
6013	200.00	200.00	101.77	101
6044	200.00	200.00	101.77	101
6076	200.00	200.00	108.06	108
6107	200.00	198.79	108.06	108
6138	200.00	198.79	108.06	108
6169	200.00	198.79	108.06	108
6201	200.00	198.79	111.21	111
6232	200.00	198.79	111.21	111
6263	200.00	198.79	111.21	111
6294	200.00	200.00	111.21	111
6326	200.00	200.00	104.93	104
6356	200.00	200.00	104.93	104
6388	200.00	200.00	104.93	104
6419	200.00	201.21	104.93	104
6451	200.00	201.21	101.77	101
6481	200.00	201.21	101.77	101
6512	200.00	200.00	101.77	101
6544	200.00	200.00	101.77	101
6575	200.00	200.00	108.06	108
6606	200.00	197.58	108.06	108
6637	200.00	197.58	108.06	108
6669	200.00	197.58	108.06	108
6700	200.00	198.79	111.21	111
6731	200.00	198.79	111.21	111
6762	200.00	198.79	111.21	111
6794	200.00	200.00	111.21	111
6824	200.00	200.00	104.93	104
6856	200.00	200.00	104.93	104
6887	200.00	200.00	104.93	104
6918	200.00	201.21	104.93	104
6949	200.00	201.21	101.77	101
6980	200.00	201.21	101.77	101
7012	200.00	200.00	101.77	101
7043	200.00	200.00	101.77	101
7074	200.00	200.00	108.06	108
7105	200.00	197.58	108.06	108
7137	200.00	197.58	108.06	108
7168	200.00	197.58	108.06	108
7199	200.00	198.79	116.21	116
7230	200.00	198.79	116.21	116
7262	200.00	198.79	116.21	116
7292	200.00	201.21	116.21	116
7324	200.00	201.21	98.64	98
7353	200.00	201.21	98.64	98
7382	200.00	201.21	98.64	98
7411	200.00	201.21	98.64	98
7440	200.00	201.21	103.62	103
7472	200.00	201.21	103.62	103
7502	200.00	198.79	103.62	103
7534	200.00	198.79	103.62	103
7565	200.00	198.79	113.06	113
7597	200.00	198.79	113.06	113
7627	200.00	198.79	113.06	113
7659	200.00	198.79	113.06	113
7690	200.00	198.79	109.93	109
7721	200.00	201.21	109.93	109
7752	200.00	201.21	109.93	109
7783	200.00	201.21	109.93	109
7815	200.00	201.21	100.49	100
7845	200.00	201.21	100.49	100
7877	200.00	201.21	100.49	100
7908	200.00	200.00	100.49	100
7940	200.00	200.00	108.63	108
7970	200.00	200.00	108.63	108
8002	200.00	198.79	108.63	108
8033	200.00	198.79	108.63	108
8065	200.00	198.79	111.78	111
8095	200.00	200.00	111.78	111
8127	200.00	200.00	111.78	111
8158	200.00	200.00	111.78	111
8189	200.00	200.00	105.50	105
8220	200.00	200.00	105.50	105
8252	200.00	200.00	105.50	105
8283	200.00	200.00	105.50	105
8314	200.00	201.21	102.34	102
8345	200.00	201.21	102.34	102
8376	200.00	201.21	102.34	102
8408	200.00	198.79	102.34	102
8438	200.00	198.79	113.63	113
8470	200.00	198.79	113.63	113
8501	200.00	200.00	113.63	113
8532	200.00	200.00	113.63	113
8563	200.00	200.00	105.50	105
8595	200.00	201.21	105.50	105
8626	200.00	201.21	105.50	105
8657	200.00	201.21	105.50	105
8688	200.00	201.21	102.34	102
8720	200.00	200.00	102.34	102
8751	200.00	200.00	102.34	102
8781	200.00	200.00	102.34	102
8813	200.00	200.00	108.63	108
8844	200.00	200.00	108.63	108
8876	200.00	200.00	108.63	108
8906	200.00	198.79	108.63	108
8938	200.00	198.79	111.78	111
8969	200.00	198.79	111.78	111
9000	200.00	200.00	111.78	111
9031	200.00	200.00	111.78	111
9063	200.00	200.00	105.50	105
9094	200.00	201.21	105.50	105
9125	200.00	201.21	105.50	105
9156	200.00	201.21	105.50	105
9188	200.00	201.21	102.34	102
9219	200.00	200.00	102.34	102
9250	200.00	200.00	102.34	102
9281	200.00	200.00	102.34	102
9313	200.00	200.00	108.63	108
9344	200.00	200.00	108.63	108
9374	200.00	200.00	108.63	108
9406	200.00	198.79	108.63	108
9437	200.00	198.79	111.78	111
9468	200.00	198.79	111.78	111
9499	200.00	200.00	111.78	111
9531	200.00	200.00	111.78	111
9562	200.00	200.00	105.50	105
9593	200.00	201.21	105.50	105
9624	200.00	201.21	105.50	105
9656	200.00	201.21	105.50	105
9687	200.00	201.21	102.34	102
9718	200.00	200.00	102.34	102
9749	200.00	200.00	102.34	102
9780	200.00	200.00	102.34	102
9811	200.00	200.00	108.63	108
9842	200.00	200.00	108.63	108
9874	200.00	200.00	108.63	108
9905	200.00	198.79	108.63	108
9936	200.00	198.79	111.78	111
9967	200.00	198.79	111.78	111
9999	200.00	198.79	111.78	111
10030	200.00	198.79	111.78	111
10062	200.00	198.79	110.50	110
10094	200.00	201.21	110.50	110
10127	200.00	201.21	110.50	110
10159	200.00	201.21	110.50	110
10191	200.00	202.42	101.06	101
10223	200.00	202.42	101.06	101
10256	200.00	202.42	101.06	101
10288	200.00	202.42	101.06	101
10320	200.00	200.00	109.20	109
10352	200.00	200.00	109.20	109
10385	200.00	200.00	109.20	109
10417	200.00	198.79	109.20	109
10449	200.00	198.79	112.35	112
10481	200.00	198.79	112.35	112
10514	200.00	201.21	112.35	112
10546	200.00	201.21	112.35	112
10578	200.00	201.21	101.06	101
10610	200.00	201.21	101.06	101
10642	200.00	201.21	101.06	101
10675	200.00	201.21	101.06	101
10706	200.00	200.00	109.20	109
10739	200.00	200.00	109.20	109
10771	200.00	200.00	109.20	109
10804	200.00	200.00	109.20	109
10835	200.00	200.00	107.35	107
10868	200.00	200.00	107.35	107
10900	200.00	200.00	107.35	107
10933	200.00	200.00	107.35	107
10964	200.00	200.00	107.35	107
10997	200.00	200.00	107.35	107
11029	200.00	200.00	107.35	107
11062	200.00	200.00	107.35	107
11094	200.00	200.00	107.35	107
11126	200.00	200.00	107.35	107
11158	200.00	200.00	107.35	107
11191	200.00	200.00	107.35	107
11223	200.00	200.00	107.35	107
11255	200.00	200.00	107.35	107
11287	200.00	200.00	107.35	107
11320	200.00	200.00	107.35	107
11352	200.00	200.00	107.35	107
11384	200.00	200.00	107.35	107
11416	200.00	201.21	107.35	107
11449	200.00	201.21	107.35	107
11481	200.00	201.21	102.34	102
11513	200.00	200.00	102.34	102
11545	200.00	200.00	102.34	102
11577	200.00	200.00	102.34	102
11610	200.00	198.79	113.63	113
11641	200.00	198.79	113.63	113
11674	200.00	198.79	113.63	113
11706	200.00	200.00	113.63	113
11739	200.00	200.00	105.50	105
11770	200.00	200.00	105.50	105
11803	200.00	201.21	105.50	105
11835	200.00	201.21	105.50	105
11868	200.00	201.21	102.34	102
11899	200.00	200.00	102.34	102
11932	200.00	200.00	102.34	102
11964	200.00	200.00	102.34	102
11997	200.00	198.79	108.63	108
12028	200.00	198.79	108.63	108
12061	200.00	198.79	108.63	108
12093	200.00	198.79	108.63	108
12126	200.00	198.79	111.78	111
12157	200.00	198.79	111.78	111
12190	200.00	198.79	111.78	111
12222	200.00	200.00	111.78	111
12255	200.00	200.00	105.50	105
12286	200.00	200.00	105.50	105
12319	200.00	201.21	105.50	105
12351	200.00	201.21	105.50	105
12384	200.00	201.21	102.34	102
12416	200.00	200.00	102.34	102
12448	200.00	200.00	102.34	102
12480	200.00	200.00	102.34	102
12513	200.00	198.79	113.63	113
12545	200.00	198.79	113.63	113
12577	200.00	198.79	113.63	113
12609	200.00	200.00	113.63	113
12642	200.00	200.00	105.50	105
12674	200.00	200.00	105.50	105
12705	200.00	200.00	105.50	105
12738	200.00	200.00	105.50	105
12770	200.00	200.00	107.35	107
12803	200.00	201.21	107.35	107
12834	200.00	201.21	107.35	107
12867	200.00	201.21	107.35	107
12899	200.00	200.00	107.35	107
12932	200.00	200.00	107.35	107
12963	200.00	200.00	107.35	107
12996	200.00	200.00	107.35	107
13028	200.00	200.00	107.35	107
13061	200.00	200.00	107.35	107
13092	200.00	198.79	107.35	107
13125	200.00	198.79	107.35	107
13157	200.00	198.79	112.35	112
13190	200.00	198.79	112.35	112
13221	200.00	201.21	112.35	112
13254	200.00	201.21	112.35	112
13286	200.00	201.21	101.06	101
13319	200.00	201.21	101.06	101
13350	200.00	201.21	101.06	101
13383	200.00	201.21	101.06	101
13415	200.00	200.00	109.20	109
13448	200.00	200.00	109.20	109
13479	200.00	200.00	109.20	109
13512	200.00	198.79	109.20	109
13544	200.00	198.79	112.35	112
13577	200.00	198.79	112.35	112
13608	200.00	200.00	112.35	112
13640	200.00	200.00	112.35	112
13673	200.00	200.00	106.07	106
13705	200.00	202.42	106.07	106
13737	200.00	202.42	106.07	106
13769	200.00	202.42	106.07	106
13802	200.00	201.21	102.91	102
13834	200.00	201.21	102.91	102
13867	200.00	201.21	102.91	102
13898	200.00	200.00	102.91	102
13931	200.00	200.00	109.20	109
13963	200.00	200.00	109.20	109
13996	200.00	198.79	109.20	109
14027	200.00	198.79	109.20	109
14060	200.00	198.79	112.35	112
14092	200.00	200.00	112.35	112
14125	200.00	200.00	112.35	112
14156	200.00	200.00	112.35	112
14189	200.00	200.00	106.07	106
14221	200.00	201.21	106.07	106
14254	200.00	201.21	106.07	106
14285	200.00	201.21	106.07	106
14318	200.00	201.21	102.91	102
14350	200.00	201.21	102.91	102
14383	200.00	201.21	102.91	102
14414	200.00	200.00	102.91	102
14447	200.00	200.00	109.20	109
14479	200.00	200.00	109.20	109
14512	200.00	198.79	109.20	109
14543	200.00	198.79	109.20	109
14576	200.00	198.79	112.35	112
14608	200.00	200.00	112.35	112
14641	200.00	200.00	112.35	112
14672	200.00	200.00	112.35	112
14705	200.00	201.21	101.06	101
14737	200.00	201.21	101.06	101
14769	200.00	201.21	101.06	101
14801	200.00	200.00	101.06	101
14833	200.00	200.00	109.20	109
14866	200.00	200.00	109.20	109
14898	200.00	198.79	109.20	109
14930	200.00	198.79	109.20	109
14962	200.00	198.79	112.35	112
14995	200.00	200.00	112.35	112
15027	200.00	200.00	112.35	112
15059	200.00	200.00	112.35	112
15091	200.00	201.21	106.07	106
15124	200.00	201.21	106.07	106
15156	200.00	201.21	106.07	106
15188	200.00	201.21	106.07	106
15220	200.00	200.00	107.92	107
15253	200.00	200.00	107.92	107
15285	200.00	200.00	107.92	107
15318	200.00	201.21	107.92	107
15349	200.00	201.21	102.91	102
15382	200.00	201.21	102.91	102
15414	200.00	200.00	102.91	102
15447	200.00	200.00	102.91	102
15478	200.00	200.00	109.20	109
15511	200.00	197.58	109.20	109
15543	200.00	197.58	109.20	109
15576	200.00	197.58	109.20	109
15607	200.00	200.00	107.35	107
15640	200.00	200.00	107.35	107
15672	200.00	200.00	107.35	107
15705	200.00	200.00	107.35	107
15736	200.00	200.00	107.35	107
15768	200.00	200.00	107.35	107
15801	200.00	198.79	107.35	107
15833	200.00	198.79	107.35	107
15865	200.00	198.79	112.35	112
15897	200.00	200.00	112.35	112
15930	200.00	200.00	112.35	112
15962	200.00	200.00	112.35	112
15994	200.00	201.21	106.07	106
16026	200.00	201.21	106.07	106
16059	200.00	201.21	106.07	106
16091	200.00	201.21	106.07	106
16123	200.00	201.21	102.91	102
16155	200.00	201.21	102.91	102
16188	200.00	201.21	102.91	102
16220	200.00	200.00	102.91	102
16252	200.00	200.00	109.20	109
16284	200.00	200.00	109.20	109
16317	200.00	198.79	109.20	109
16349	200.00	198.79	109.20	109
16381	200.00	198.79	112.35	112
16413	200.00	198.79	112.35	112
16446	200.00	198.79	112.35	112
16478	200.00	198.79	112.35	112
16510	200.00	201.21	101.06	101
16542	200.00	201.21	101.06	101
16575	200.00	201.21	101.06	101
16607	200.00	200.00	101.06	101
16640	200.00	200.00	109.20	109
16671	200.00	200.00	109.20	109
16704	200.00	198.79	109.20	109
16736	200.00	198.79	109.20	109
16769	200.00	198.79	112.35	112
16800	200.00	198.79	112.35	112
16832	200.00	198.79	112.35	112
16865	200.00	198.79	112.35	112
16898	200.00	201.21	111.07	111
16929	200.00	201.21	111.07	111
16961	200.00	201.21	111.07	111
16994	200.00	201.21	111.07	111
17026	200.00	201.21	101.63	101
17058	200.00	201.21	101.63	101
17090	200.00	201.21	101.63	101
17123	200.00	200.00	101.63	101
17155	200.00	200.00	109.77	109
17187	200.00	200.00	109.77	109
17219	200.00	198.79	109.77	109
17252	200.00	198.79	109.77	109
17284	200.00	198.79	112.92	112
17316	200.00	200.00	112.92	112
17348	200.00	200.00	112.92	112
17381	200.00	200.00	112.92	112
17413	200.00	200.00	106.64	106
17445	200.00	200.00	106.64	106
17477	200.00	200.00	106.64	106
17510	200.00	201.21	106.64	106
17542	200.00	201.21	103.48	103
17574	200.00	201.21	103.48	103
17606	200.00	200.00	103.48	103
17639	200.00	200.00	103.48	103
17671	200.00	200.00	109.77	109
17703	200.00	198.79	109.77	109
17735	200.00	198.79	109.77	109
17767	200.00	198.79	109.77	109
17800	200.00	198.79	112.92	112
17831	200.00	198.79	112.92	112
17864	200.00	198.79	112.92	112
17896	200.00	201.21	112.92	112
17929	200.00	201.21	101.63	101
17960	200.00	201.21	101.63	101
17993	200.00	200.00	101.63	101
18025	200.00	200.00	101.63	101
18058	200.00	200.00	109.77	109
18089	200.00	200.00	109.77	109
18122	200.00	198.79	109.77	109
18154	200.00	198.79	109.77	109
18187	200.00	198.79	112.92	112
18219	200.00	198.79	112.92	112
18251	200.00	198.79	112.92	112
18283	200.00	198.79	112.92	112
18316	200.00	201.21	101.63	101
18348	200.00	201.21	101.63	101
18380	200.00	201.21	101.63	101
18412	200.00	200.00	101.63	101
18445	200.00	200.00	109.77	109
18477	200.00	200.00	109.77	109
18509	200.00	198.79	109.77	109
18541	200.00	198.79	109.77	109
18574	200.00	198.79	112.92	112
18606	200.00	198.79	112.92	112
18638	200.00	198.79	112.92	112
18670	200.00	198.79	112.92	112
18703	200.00	200.00	106.64	106
18735	200.00	200.00	106.64	106
18767	200.00	200.00	106.64	106
18799	200.00	201.21	106.64	106
18832	200.00	201.21	103.48	103
18864	200.00	201.21	103.48	103
18895	200.00	198.79	103.48	103
18928	200.00	198.79	103.48	103
18961	200.00	198.79	114.77	114
18993	200.00	198.79	114.77	114
19024	200.00	198.79	114.77	114
19057	200.00	198.79	114.77	114
19089	200.00	198.79	111.64	111
19122	200.00	200.00	111.64	111
19153	200.00	200.00	111.64	111
19186	200.00	200.00	111.64	111
19218	200.00	201.21	102.20	102
19251	200.00	201.21	102.20	102
19282	200.00	201.21	102.20	102
19315	200.00	201.21	102.20	102
19347	200.00	201.21	105.34	105
19380	200.00	201.21	105.34	105
19411	200.00	198.79	105.34	105
19444	200.00	198.79	105.34	105
19476	200.00	198.79	114.77	114