% set_time: 50000
% delta t in s: 0.05
% START motor on: 1000
% END motor off: 128504
99	0	0.00
149	0	0.00
199	0	0.00
249	0	0.00
299	0	0.00
349	0	0.00
399	0	0.00
449	0	0.00
499	0	0.00
549	0	0.00
599	0	0.00
649	0	0.00
699	0	0.00
749	0	0.00
799	0	0.00
849	0	0.00
899	0	0.00
949	0	0.00
999	0	0.00
1049	1	0.00
1099	1	0.00
1149	1	0.00
1199	1	0.00
1249	1	0.00
1299	1	0.00
1349	1	0.00
1399	1	0.00
1449	1	0.00
1499	1	0.00
1549	2	0.00
1599	2	0.00
1649	2	0.00
1699	2	0.00
1748	2	0.00
1799	2	0.00
1849	2	0.00
1899	2	0.00
1949	2	0.00
1999	2	0.00
2049	3	0.00
2099	3	0.00
2149	3	0.00
2199	3	0.00
2249	3	0.00
2299	3	0.00
2349	3	0.00
2399	3	0.00
2449	3	0.00
2499	3	0.00
2549	4	0.00
2599	4	0.00
2649	4	0.00
2699	4	0.00
2749	4	0.00
2799	4	0.00
2849	4	0.00
2899	4	0.00
2949	4	0.00
2999	4	0.00
3049	5	0.00
3099	5	0.00
3149	5	0.00
3200	5	0.00
3249	5	0.00
3299	5	0.00
3349	5	0.00
3399	5	0.00
3449	5	0.00
3499	5	0.00
3549	6	0.00
3599	6	0.00
3649	6	0.00
3699	6	0.00
3749	6	0.00
3799	6	0.00
3849	6	0.00
3899	6	0.00
3949	6	0.00
3999	6	0.00
4049	7	0.00
4099	7	0.00
4149	7	0.00
4199	7	0.00
4249	7	0.00
4299	7	0.00
4349	7	0.00
4399	7	0.00
4449	7	0.00
4499	7	0.00
4549	8	0.00
4599	8	0.00
4649	8	0.00
4699	8	0.00
4749	8	0.00
4799	8	0.00
4849	8	0.00
4899	8	0.00
4948	8	0.00
4999	8	0.00
5049	9	0.00
5099	9	0.00
5149	9	0.00
5199	9	0.00
5249	9	0.00
5299	9	0.00
5349	9	0.00
5399	9	0.00
5449	9	0.00
5499	9	0.00
5549	10	0.00
5599	10	0.00
5649	10	0.00
5699	10	0.00
5749	10	0.00
5799	10	0.00
5849	10	0.00
5899	10	0.00
5949	10	0.00
5999	10	0.00
6049	11	0.00
6099	11	0.00
6149	11	0.00
6199	11	0.00
6249	11	0.00
6299	11	0.00
6349	11	0.00
6400	11	0.00
6449	11	0.00
6499	11	0.00
6549	12	0.00
6599	12	0.00
6649	12	0.00
6699	12	0.00
6749	12	0.00
6799	12	0.00
6849	12	0.00
6899	12	0.00
6949	12	0.00
6999	12	0.00
7049	13	0.00
7099	13	0.00
7149	13	0.00
7199	13	0.00
7249	13	0.00
7299	13	0.00
7349	13	0.00
7399	13	0.00
7449	13	0.00
7499	13	0.00
7549	14	0.00
7599	14	0.00
7649	14	0.00
7699	14	0.00
7749	14	0.00
7799	14	0.00
7849	14	0.00
7899	14	0.00
7949	14	0.00
7999	14	0.00
8049	15	0.00
8099	15	0.00
8148	15	0.00
8199	15	0.00
8249	15	0.00
8299	15	0.00
8349	15	0.00
8399	15	0.00
8449	15	0.00
8499	15	0.00
8549	16	0.00
8599	16	0.00
8649	16	0.00
8699	16	0.00
8749	16	0.00
8799	16	0.00
8849	16	0.00
8899	16	0.00
8949	16	0.00
8999	16	0.00
9049	17	0.00
9099	17	0.00
9149	17	0.00
9199	17	0.00
9249	17	0.00
9299	17	0.00
9349	17	0.00
9399	17	0.00
9449	17	0.00
9499	17	0.00
9549	18	0.00
9600	18	0.00
9649	18	0.00
9699	18	0.00
9749	18	0.00
9799	18	0.00
9849	18	0.00
9899	18	0.00
9949	18	0.00
9999	18	0.00
10049	19	0.00
10099	19	0.00
10149	19	0.00
10199	19	0.00
10249	19	0.00
10299	19	0.00
10349	19	0.00
10399	19	0.00
10449	19	0.00
10499	19	0.00
10549	20	0.00
10599	20	0.00
10649	20	0.00
10699	20	0.00
10749	20	0.00
10799	20	0.00
10849	20	0.00
10899	20	0.00
10949	20	0.00
10999	20	0.00
11049	21	0.00
11099	21	0.00
11149	21	0.00
11199	21	0.00
11249	21	0.00
11299	21	0.00
11348	21	0.00
11399	21	0.00
11449	21	0.00
11499	21	0.00
11549	22	0.00
11599	22	0.00
11649	22	0.00
11699	22	0.00
11749	22	0.00
11799	22	0.00
11849	22	0.00
11899	22	0.00
11949	22	0.00
11999	22	0.00
12049	23	0.00
12099	23	0.00
12149	23	0.00
12199	23	0.00
12249	23	0.00
12299	23	0.00
12349	23	0.00
12399	23	0.00
12449	23	0.00
12499	23	0.00
12549	24	0.00
12599	24	0.00
12649	24	0.00
12699	24	0.00
12749	24	0.00
12800	24	0.00
12849	24	0.00
12899	24	0.00
12949	24	0.00
12999	24	0.00
13049	25	0.00
13099	25	0.00
13149	25	0.00
13199	25	0.00
13249	25	0.00
13299	25	0.00
13349	25	0.00
13399	25	0.00
13449	25	0.00
13499	25	0.00
13549	26	0.00
13599	26	0.00
13649	26	0.00
13699	26	0.00
13749	26	0.00
13799	26	0.00
13849	26	0.00
13899	26	0.00
13949	26	0.00
13999	26	0.00
14049	27	0.00
14099	27	0.00
14149	27	0.00
14199	27	0.00
14249	27	0.00
14299	27	0.00
14349	27	0.00
14399	27	0.00
14449	27	0.00
14499	27	0.00
14548	28	0.00
14599	28	0.00
14649	28	0.00
14699	28	0.00
14749	28	0.00
14799	28	0.00
14849	28	0.00
14899	28	0.00
14949	28	0.00
14999	28	0.00
15049	29	0.00
15099	29	0.00
15149	29	0.00
15199	29	0.00
15249	29	0.00
15299	29	0.00
15349	29	0.00
15399	29	0.00
15449	29	0.00
15499	29	0.00
15549	30	0.00
15599	30	0.00
15649	30	0.00
15699	30	0.00
15749	30	0.00
15799	30	0.00
15849	30	0.00
15899	30	0.00
15949	30	0.00
16000	30	0.00
16049	31	0.00
16099	31	0.00
16149	31	0.00
16199	31	0.00
16249	31	0.00
16299	31	0.00
16349	31	0.00
16399	31	0.00
16449	31	0.00
16499	31	0.00
16549	32	0.00
16599	32	0.00
16649	32	0.00
16699	32	0.00
16749	32	0.00
16799	32	0.00
16849	32	0.00
16899	32	0.00
16949	32	0.00
16999	32	0.00
17049	33	0.00
17099	33	0.00
17149	33	0.00
17199	33	0.00
17249	33	0.00
17299	33	0.00
17349	33	0.00
17399	33	0.00
17449	33	0.00
17499	33	0.00
17549	34	0.00
17599	34	0.00
17649	34	0.00
17699	34	0.00
17748	34	0.00
17799	34	0.00
17849	34	0.00
17899	34	0.00
17949	34	0.00
17999	34	0.00
18049	35	0.00
18099	35	0.00
18149	35	0.00
18199	35	0.00
18249	35	0.00
18299	35	0.00
18349	35	0.00
18399	35	0.00
18449	35	0.00
18499	35	0.00
18549	36	0.00
18599	36	0.00
18649	36	0.00
18699	36	0.00
18749	36	0.00
18799	36	0.00
18849	36	0.00
18899	36	0.00
18949	36	0.00
18999	36	0.00
19049	37	0.00
19099	37	0.00
19149	37	0.00
19200	37	0.00
19249	37	0.00
19299	37	0.00
19349	37	0.00
19399	37	0.00
19449	37	0.00
19499	37	0.00
19549	38	0.00
19599	38	0.00
19649	38	0.00
19699	38	0.00
19749	38	0.00
19799	38	0.00
19849	38	0.00
19899	38	0.00
19949	38	0.00
19999	38	0.00
20049	39	0.00
20099	39	0.00
20149	39	0.00
20199	39	0.00
20249	39	0.00
20299	39	0.00
20349	39	0.00
20399	39	0.00
20449	39	0.00
20499	39	0.00
20549	40	0.00
20599	40	0.00
20649	40	0.00
20699	40	0.00
20749	40	0.00
20799	40	0.00
20849	40	0.00
20899	40	0.00
20948	40	0.00
20999	40	0.00
21049	41	0.00
21099	41	0.00
21149	41	0.00
21199	41	0.00
21249	41	0.00
21299	41	0.00
21349	41	0.00
21399	41	0.00
21449	41	0.00
21499	41	0.00
21549	42	0.00
21599	42	0.00
21649	42	0.00
21699	42	0.00
21749	42	0.00
21799	42	0.00
21849	42	0.00
21899	42	0.00
21949	42	0.00
21999	42	0.00
22049	43	0.00
22099	43	0.00
22149	43	0.00
22199	43	0.00
22249	43	0.00
22299	43	0.00
22349	43	0.00
22400	43	0.00
22449	43	0.00
22499	43	0.00
22549	44	0.00
22599	44	0.00
22649	44	0.00
22699	44	0.00
22749	44	0.00
22799	44	0.00
22849	44	0.00
22899	44	0.00
22949	44	0.00
22999	44	0.00
23049	45	0.00
23099	45	0.00
23149	45	0.00
23199	45	0.00
23249	45	0.00
23299	45	0.00
23349	45	0.00
23399	45	0.00
23449	45	0.00
23499	45	0.00
23549	46	0.00
23599	46	0.00
23649	46	0.00
23699	46	0.00
23749	46	0.00
23799	46	0.00
23849	46	0.00
23899	46	0.00
23949	46	0.00
23999	46	0.00
24049	47	0.00
24099	47	0.00
24148	47	0.00
24199	47	0.00
24249	47	0.00
24299	47	0.00
24349	47	0.00
24399	47	0.00
24449	47	0.00
24499	47	0.00
24549	48	0.00
24599	48	0.00
24649	48	0.00
24699	48	0.00
24749	48	0.00
24799	48	0.00
24849	48	0.00
24899	48	0.00
24949	48	0.00
24999	48	0.00
25049	49	0.00
25099	49	0.00
25149	49	0.00
25199	49	0.00
25249	49	0.00
25299	49	0.00
25349	49	0.00
25399	49	0.00
25449	49	0.00
25499	49	0.00
25549	50	0.00
25600	50	0.00
25649	50	0.00
25699	50	0.00
25749	50	0.00
25799	50	0.00
25849	50	0.00
25899	50	0.00
25949	50	0.00
25999	50	0.00
26049	51	0.00
26099	51	0.00
26149	51	0.00
26199	51	0.00
26249	51	0.00
26299	51	0.00
26349	51	0.00
26399	51	0.00
26449	51	0.00
26499	51	0.00
26549	52	0.00
26599	52	0.00
26649	52	0.00
26699	52	0.00
26749	52	0.00
26799	52	0.00
26849	52	0.00
26899	52	0.00
26949	52	0.00
26999	52	0.00
27049	53	0.00
27099	53	0.00
27149	53	0.00
27199	53	0.00
27249	53	0.00
27299	53	0.00
27348	53	0.00
27399	53	0.00
27449	53	0.00
27499	53	0.00
27549	54	0.00
27599	54	0.00
27649	54	0.00
27699	54	0.00
27749	54	0.00
27799	54	0.00
27849	54	0.00
27899	54	0.00
27949	54	0.00
27999	54	0.00
28049	55	0.00
28099	55	0.00
28149	55	0.00
28199	55	0.00
28249	55	0.00
28299	55	0.00
28349	55	0.00
28399	55	0.00
28449	55	0.00
28499	55	0.00
28549	56	0.00
28599	56	0.00
28649	56	0.00
28699	56	0.00
28749	56	0.00
28800	56	0.00
28849	56	0.00
28899	56	0.00
28949	56	0.00
28999	56	0.00
29049	57	0.00
29099	57	0.00
29149	57	0.00
29199	57	0.00
29249	57	0.00
29299	57	0.00
29349	57	0.00
29399	57	0.00
29449	57	0.00
29499	57	0.00
29549	58	0.00
29599	58	0.00
29649	58	0.00
29699	58	0.00
29749	58	0.00
29799	58	0.00
29849	58	0.00
29899	58	0.00
29949	58	0.00
29999	58	0.00
30049	59	0.00
30099	59	0.00
30149	59	0.00
30199	59	0.00
30249	59	0.00
30299	59	0.00
30349	59	0.00
30399	59	0.00
30449	59	0.00
30499	59	0.00
30548	60	0.00
30599	60	0.00
30649	60	0.00
30699	60	0.00
30749	60	0.00
30799	60	0.00
30849	60	0.00
30899	60	0.00
30949	60	0.00
30999	60	0.00
31049	61	0.00
31099	61	0.00
31149	61	0.00
31199	61	0.00
31249	61	0.00
31299	61	0.00
31349	61	0.00
31399	61	0.00
31449	61	2.42
31499	61	0.00
31549	62	0.00
31599	62	0.00
31649	62	0.00
31699	62	0.00
31749	62	0.00
31799	62	0.00
31849	62	0.00
31899	62	0.00
31949	62	0.00
32000	62	2.42
32049	63	26.67
32099	63	48.48
32149	63	63.03
32199	63	75.15
32249	63	87.27
32299	63	94.55
32349	63	104.24
32399	63	109.09
32449	63	116.36
32499	63	121.21
32549	64	123.64
32599	64	128.48
32649	64	130.91
32699	64	130.91
32749	64	135.76
32799	64	133.33
32849	64	138.18
32899	64	138.18
32949	64	140.61
32999	64	140.61
33049	65	143.03
33099	65	140.61
33149	65	143.03
33199	65	145.45
33249	65	143.03
33299	65	145.45
33349	65	145.45
33399	65	145.45
33449	65	147.88
33499	65	145.45
33549	66	147.88
33599	66	145.45
33649	66	147.88
33699	66	147.88
33748	66	147.88
33799	66	150.30
33849	66	147.88
33899	66	150.30
33949	66	147.88
33999	66	150.30
34049	67	147.88
34099	67	150.30
34149	67	150.30
34199	67	150.30
34249	67	150.30
34299	67	150.30
34349	67	150.30
34399	67	150.30
34449	67	150.30
34499	67	150.30
34549	68	152.73
34599	68	152.73
34649	68	152.73
34699	68	152.73
34749	68	152.73
34799	68	152.73
34849	68	152.73
34899	68	152.73
34949	68	152.73
34999	68	155.15
35049	69	155.15
35099	69	155.15
35149	69	155.15
35200	69	155.15
35249	69	155.15
35299	69	155.15
35349	69	155.15
35399	69	155.15
35449	69	157.58
35499	69	155.15
35549	70	157.58
35599	70	155.15
35649	70	157.58
35699	70	157.58
35749	70	157.58
35799	70	157.58
35849	70	160.00
35899	70	157.58
35949	70	157.58
35999	70	157.58
36049	71	157.58
36099	71	157.58
36149	71	160.00
36199	71	160.00
36249	71	160.00
36299	71	160.00
36349	71	160.00
36399	71	160.00
36449	71	160.00
36499	71	160.00
36549	72	162.42
36599	72	160.00
36649	72	162.42
36699	72	160.00
36749	72	162.42
36799	72	160.00
36849	72	162.42
36899	72	162.42
36948	72	162.42
36999	72	162.42
37049	73	162.42
37099	73	162.42
37149	73	162.42
37199	73	162.42
37249	73	164.85
37299	73	164.85
37349	73	164.85
37399	73	162.42
37449	73	162.42
37499	73	162.42
37549	74	162.42
37599	74	164.85
37649	74	164.85
37699	74	162.42
37749	74	164.85
37799	74	162.42
37849	74	162.42
37899	74	164.85
37949	74	164.85
37999	74	164.85
38049	75	167.27
38099	75	164.85
38149	75	167.27
38199	75	164.85
38249	75	167.27
38299	75	167.27
38349	75	167.27
38400	75	167.27
38449	75	167.27
38499	75	167.27
38549	76	164.85
38599	76	167.27
38649	76	167.27
38699	76	167.27
38749	76	167.27
38799	76	167.27
38849	76	169.70
38899	76	167.27
38949	76	167.27
38999	76	169.70
39049	77	167.27
39099	77	167.27
39149	77	169.70
39199	77	169.70
39249	77	169.70
39299	77	169.70
39349	77	169.70
39399	77	169.70
39449	77	169.70
39499	77	169.70
39549	78	167.27
39599	78	169.70
39649	78	169.70
39699	78	169.70
39749	78	169.70
39799	78	172.12
39849	78	172.12
39899	78	169.70
39949	78	172.12
39999	78	169.70
40049	79	172.12
40099	79	172.12
40148	79	172.12
40199	79	172.12
40249	79	172.12
40299	79	172.12
40349	79	172.12
40399	79	172.12
40449	79	172.12
40499	79	172.12
40549	80	172.12
40599	80	172.12
40649	80	172.12
40699	80	172.12
40749	80	172.12
40799	80	174.55
40849	80	174.55
40899	80	174.55
40949	80	172.12
40999	80	172.12
41049	81	174.55
41099	81	174.55
41149	81	176.97
41199	81	174.55
41249	81	176.97
41299	81	174.55
41349	81	174.55
41399	81	176.97
41449	81	174.55
41499	81	176.97
41549	82	176.97
41600	82	176.97
41649	82	174.55
41699	82	176.97
41749	82	176.97
41799	82	176.97
41849	82	176.97
41899	82	176.97
41949	82	174.55
41999	82	174.55
42049	83	174.55
42099	83	176.97
42149	83	176.97
42199	83	179.39
42249	83	176.97
42299	83	176.97
42349	83	176.97
42399	83	179.39
42449	83	176.97
42499	83	176.97
42549	84	176.97
42599	84	176.97
42649	84	176.97
42699	84	179.39
42749	84	179.39
42799	84	179.39
42849	84	179.39
42899	84	179.39
42949	84	179.39
42999	84	179.39
43049	85	179.39
43099	85	179.39
43149	85	179.39
43199	85	179.39
43249	85	181.82
43299	85	179.39
43348	85	179.39
43399	85	179.39
43449	85	179.39
43499	85	181.82
43549	86	181.82
43599	86	181.82
43649	86	181.82
43699	86	181.82
43749	86	181.82
43799	86	181.82
43849	86	181.82
43899	86	181.82
43949	86	181.82
43999	86	181.82
44049	87	181.82
44099	87	181.82
44149	87	181.82
44199	87	184.24
44249	87	181.82
44299	87	181.82
44349	87	181.82
44399	87	181.82
44449	87	181.82
44499	87	184.24
44549	88	184.24
44599	88	181.82
44649	88	181.82
44699	88	184.24
44749	88	184.24
44800	88	184.24
44849	88	184.24
44899	88	184.24
44949	88	181.82
44999	88	181.82
45049	89	181.82
45099	89	181.82
45149	89	184.24
45199	89	184.24
45249	89	184.24
45299	89	184.24
45349	89	184.24
45399	89	184.24
45449	89	186.67
45499	89	184.24
45549	90	184.24
45599	90	186.67
45649	90	184.24
45699	90	186.67
45749	90	186.67
45799	90	186.67
45849	90	186.67
45899	90	186.67
45949	90	186.67
45999	90	184.24
46049	91	184.24
46099	91	186.67
46149	91	186.67
46199	91	186.67
46249	91	186.67
46299	91	186.67
46349	91	186.67
46399	91	186.67
46449	91	189.09
46499	91	186.67
46548	92	186.67
46599	92	186.67
46649	92	186.67
46699	92	189.09
46749	92	189.09
46799	92	186.67
46849	92	186.67
46899	92	189.09
46949	92	186.67
46999	92	189.09
47049	93	186.67
47099	93	186.67
47149	93	186.67
47199	93	186.67
47249	93	189.09
47299	93	186.67
47349	93	186.67
47399	93	189.09
47449	93	189.09
47499	93	189.09
47549	94	186.67
47599	94	189.09
47649	94	189.09
47699	94	189.09
47749	94	189.09
47799	94	189.09
47849	94	189.09
47899	94	186.67
47949	94	189.09
48000	94	189.09
48049	95	189.09
48099	95	189.09
48149	95	189.09
48199	95	189.09
48249	95	191.52
48299	95	191.52
48349	95	189.09
48399	95	189.09
48449	95	189.09
48499	95	189.09
48549	96	191.52
48599	96	189.09
48649	96	189.09
48699	96	189.09
48749	96	189.09
48799	96	191.52
48849	96	191.52
48899	96	191.52
48949	96	191.52
48999	96	189.09
49049	97	191.52
49099	97	191.52
49149	97	191.52
49199	97	191.52
49249	97	193.94
49299	97	191.52
49349	97	193.94
49399	97	191.52
49449	97	191.52
49499	97	191.52
49549	98	191.52
49599	98	193.94
49649	98	191.52
49699	98	191.52
49748	98	191.52
49799	98	191.52
49849	98	193.94
49899	98	193.94
49949	98	191.52
49999	98	191.52
50049	99	193.94
50099	99	193.94
50149	99	193.94
50199	99	193.94
50249	99	193.94
50299	99	193.94
50349	99	193.94
50399	99	193.94
50449	99	193.94
50499	99	191.52
50549	100	193.94
50599	100	193.94
50649	100	191.52
50699	100	193.94
50749	100	193.94
50799	100	196.36
50849	100	193.94
50899	100	193.94
50949	100	193.94
50999	100	193.94
51049	101	193.94
51099	101	196.36
51149	101	196.36
51200	101	196.36
51249	101	193.94
51299	101	193.94
51349	101	196.36
51399	101	196.36
51449	101	196.36
51499	101	196.36
51549	102	193.94
51599	102	193.94
51649	102	193.94
51699	102	196.36
51749	102	196.36
51799	102	193.94
51849	102	193.94
51899	102	193.94
51949	102	193.94
51999	102	193.94
52049	103	196.36
52099	103	196.36
52149	103	196.36
52199	103	193.94
52249	103	196.36
52299	103	196.36
52349	103	198.79
52399	103	196.36
52449	103	196.36
52499	103	193.94
52549	104	196.36
52599	104	196.36
52649	104	196.36
52699	104	198.79
52749	104	196.36
52799	104	196.36
52849	104	196.36
52899	104	196.36
52948	104	198.79
52999	104	196.36
53049	105	196.36
53099	105	196.36
53149	105	196.36
53199	105	196.36
53249	105	196.36
53299	105	196.36
53349	105	196.36
53399	105	196.36
53449	105	198.79
53499	105	198.79
53549	106	198.79
53599	106	198.79
53649	106	198.79
53699	106	196.36
53749	106	196.36
53799	106	198.79
53849	106	198.79
53899	106	198.79
53949	106	196.36
53999	106	196.36
54049	107	196.36
54099	107	196.36
54149	107	198.79
54199	107	198.79
54249	107	198.79
54299	107	198.79
54349	107	198.79
54400	107	198.79
54449	107	198.79
54499	107	198.79
54549	108	198.79
54599	108	198.79
54649	108	198.79
54699	108	198.79
54749	108	201.21
54799	108	198.79
54849	108	198.79
54899	108	198.79
54949	108	198.79
54999	108	201.21
55049	109	198.79
55099	109	198.79
55149	109	198.79
55199	109	198.79
55249	109	198.79
55299	109	198.79
55349	109	198.79
55399	109	198.79
55449	109	201.21
55499	109	198.79
55549	110	198.79
55599	110	198.79
55649	110	201.21
55699	110	201.21
55749	110	201.21
55799	110	201.21
55849	110	201.21
55899	110	201.21
55949	110	201.21
55999	110	201.21
56049	111	201.21
56099	111	201.21
56148	111	198.79
56199	111	201.21
56249	111	201.21
56299	111	201.21
56349	111	201.21
56399	111	198.79
56449	111	201.21
56499	111	201.21
56549	112	201.21
56599	112	201.21
56649	112	201.21
56699	112	201.21
56749	112	201.21
56799	112	201.21
56849	112	201.21
56899	112	201.21
56949	112	201.21
56999	112	201.21
57049	113	201.21
57099	113	201.21
57149	113	201.21
57199	113	201.21
57249	113	201.21
57299	113	201.21
57349	113	201.21
57399	113	201.21
57449	113	201.21
57499	113	201.21
57549	114	203.64
57600	114	201.21
57649	114	201.21
57699	114	201.21
57749	114	201.21
57799	114	201.21
57849	114	201.21
57899	114	201.21
57949	114	203.64
57999	114	203.64
58049	115	201.21
58099	115	201.21
58149	115	201.21
58199	115	201.21
58249	115	201.21
58299	115	203.64
58349	115	203.64
58399	115	203.64
58449	115	203.64
58499	115	203.64
58549	116	201.21
58599	116	203.64
58649	116	203.64
58699	116	201.21
58749	116	203.64
58799	116	203.64
58849	116	201.21
58899	116	203.64
58949	116	203.64
58999	116	203.64
59049	117	203.64
59099	117	203.64
59149	117	203.64
59199	117	203.64
59249	117	206.06
59299	117	203.64
59348	117	203.64
59399	117	203.64
59449	117	203.64
59499	117	206.06
59549	118	206.06
59599	118	203.64
59649	118	203.64
59699	118	206.06
59749	118	203.64
59799	118	203.64
59849	118	203.64
59899	118	203.64
59949	118	203.64
59999	118	203.64
60049	119	203.64
60099	119	203.64
60149	119	203.64
60199	119	206.06
60249	119	203.64
60299	119	203.64
60349	119	206.06
60399	119	206.06
60449	119	206.06
60499	119	206.06
60549	120	203.64
60599	120	206.06
60649	120	206.06
60699	120	206.06
60749	120	203.64
60800	120	203.64
60849	120	203.64
60899	120	206.06
60949	120	206.06
60999	120	203.64
61049	121	203.64
61099	121	206.06
61149	121	206.06
61199	121	206.06
61249	121	206.06
61299	121	206.06
61349	121	203.64
61399	121	206.06
61449	121	206.06
61499	121	206.06
61549	122	206.06
61599	122	206.06
61649	122	206.06
61699	122	206.06
61749	122	206.06
61799	122	206.06
61849	122	208.48
61899	122	206.06
61949	122	203.64
61999	122	206.06
62049	123	208.48
62099	123	208.48
62149	123	206.06
62199	123	206.06
62249	123	206.06
62299	123	206.06
62349	123	206.06
62399	123	208.48
62449	123	206.06
62499	123	206.06
62548	124	206.06
62599	124	206.06
62649	124	208.48
62699	124	208.48
62749	124	208.48
62799	124	206.06
62849	124	206.06
62899	124	206.06
62949	124	208.48
62999	124	208.48
63049	125	208.48
63099	125	206.06
63149	125	206.06
63199	125	206.06
63249	125	206.06
63299	125	208.48
63349	125	206.06
63399	125	206.06
63449	125	206.06
63499	125	206.06
63549	126	206.06
63599	126	208.48
63649	126	208.48
63699	126	208.48
63749	126	208.48
63799	126	208.48
63849	126	206.06
63899	126	208.48
63949	126	208.48
64000	126	208.48
64049	127	206.06
64099	127	208.48
64149	127	208.48
64199	127	206.06
64249	127	208.48
64299	127	208.48
64349	127	208.48
64399	127	208.48
64449	127	208.48
64499	127	208.48
64549	128	208.48
64599	128	208.48
64649	128	208.48
64699	128	208.48
64749	128	208.48
64799	128	208.48
64849	128	208.48
64899	128	208.48
64949	128	208.48
64999	128	208.48
65049	129	208.48
65099	129	208.48
65149	129	208.48
65199	129	208.48
65249	129	208.48
65299	129	208.48
65349	129	208.48
65399	129	208.48
65449	129	208.48
65499	129	208.48
65549	130	208.48
65599	130	208.48
65649	130	210.91
65699	130	208.48
65748	130	208.48
65799	130	208.48
65849	130	208.48
65899	130	208.48
65949	130	208.48
65999	130	208.48
66049	131	210.91
66099	131	210.91
66149	131	208.48
66199	131	208.48
66249	131	208.48
66299	131	208.48
66349	131	208.48
66399	131	210.91
66449	131	210.91
66499	131	210.91
66549	132	208.48
66599	132	210.91
66649	132	210.91
66699	132	210.91
66749	132	208.48
66799	132	208.48
66849	132	208.48
66899	132	208.48
66949	132	208.48
66999	132	210.91
67049	133	210.91
67099	133	210.91
67149	133	210.91
67200	133	210.91
67249	133	210.91
67299	133	210.91
67349	133	210.91
67399	133	210.91
67449	133	208.48
67499	133	210.91
67549	134	210.91
67599	134	208.48
67649	134	210.91
67699	134	210.91
67749	134	210.91
67799	134	210.91
67849	134	210.91
67899	134	210.91
67949	134	210.91
67999	134	210.91
68049	135	210.91
68099	135	210.91
68149	135	210.91
68199	135	210.91
68249	135	210.91
68299	135	210.91
68349	135	210.91
68399	135	210.91
68449	135	210.91
68499	135	210.91
68549	136	210.91
68599	136	210.91
68649	136	213.33
68699	136	210.91
68749	136	210.91
68799	136	210.91
68849	136	210.91
68899	136	210.91
68948	136	210.91
68999	136	213.33
69049	137	210.91
69099	137	210.91
69149	137	213.33
69199	137	210.91
69249	137	210.91
69299	137	210.91
69349	137	210.91
69399	137	213.33
69449	137	213.33
69499	137	213.33
69549	138	210.91
69599	138	210.91
69649	138	210.91
69699	138	210.91
69749	138	210.91
69799	138	210.91
69849	138	210.91
69899	138	210.91
69949	138	213.33
69999	138	213.33
70049	139	213.33
70099	139	210.91
70149	139	210.91
70199	139	210.91
70249	139	210.91
70299	139	213.33
70349	139	213.33
70400	139	213.33
70449	139	213.33
70499	139	213.33
70549	140	213.33
70599	140	213.33
70649	140	213.33
70699	140	213.33
70749	140	213.33
70799	140	213.33
70849	140	210.91
70899	140	213.33
70949	140	213.33
70999	140	210.91
71049	141	213.33
71099	141	213.33
71149	141	210.91
71199	141	213.33
71249	141	210.91
71299	141	213.33
71349	141	213.33
71399	141	213.33
71449	141	213.33
71499	141	213.33
71549	142	213.33
71599	142	210.91
71649	142	213.33
71699	142	215.76
71749	142	213.33
71799	142	213.33
71849	142	213.33
71899	142	213.33
71949	142	213.33
71999	142	213.33
72049	143	213.33
72099	143	213.33
72148	143	213.33
72199	143	213.33
72249	143	213.33
72299	143	213.33
72349	143	213.33
72399	143	213.33
72449	143	213.33
72499	143	213.33
72549	144	215.76
72599	144	213.33
72649	144	213.33
72699	144	213.33
72749	144	213.33
72799	144	213.33
72849	144	215.76
72899	144	213.33
72949	144	213.33
72999	144	213.33
73049	145	213.33
73099	145	213.33
73149	145	215.76
73199	145	215.76
73249	145	213.33
73299	145	213.33
73349	145	215.76
73399	145	213.33
73449	145	213.33
73499	145	213.33
73549	146	213.33
73600	146	215.76
73649	146	215.76
73699	146	215.76
73749	146	215.76
73799	146	213.33
73849	146	213.33
73899	146	213.33
73949	146	213.33
73999	146	213.33
74049	147	213.33
74099	147	213.33
74149	147	213.33
74199	147	215.76
74249	147	215.76
74299	147	215.76
74349	147	215.76
74399	147	213.33
74449	147	213.33
74499	147	215.76
74549	148	215.76
74599	148	215.76
74649	148	213.33
74699	148	215.76
74749	148	215.76
74799	148	215.76
74849	148	215.76
74899	148	215.76
74949	148	215.76
74999	148	215.76
75049	149	215.76
75099	149	213.33
75149	149	215.76
75199	149	215.76
75249	149	215.76
75299	149	215.76
75348	149	215.76
75399	149	215.76
75449	149	215.76
75499	149	215.76
75549	150	215.76
75599	150	215.76
75649	150	215.76
75699	150	213.33
75749	150	213.33
75799	150	215.76
75849	150	215.76
75899	150	215.76
75949	150	215.76
75999	150	215.76
76049	151	215.76
76099	151	213.33
76149	151	215.76
76199	151	215.76
76249	151	215.76
76299	151	215.76
76349	151	215.76
76399	151	218.18
76449	151	218.18
76499	151	218.18
76549	152	218.18
76599	152	215.76
76649	152	215.76
76699	152	215.76
76749	152	215.76
76800	152	215.76
76849	152	215.76
76899	152	215.76
76949	152	218.18
76999	152	218.18
77049	153	218.18
77099	153	218.18
77149	153	215.76
77199	153	215.76
77249	153	215.76
77299	153	215.76
77349	153	215.76
77399	153	215.76
77449	153	215.76
77499	153	215.76
77549	154	215.76
77599	154	215.76
77649	154	215.76
77699	154	218.18
77749	154	215.76
77799	154	215.76
77849	154	215.76
77899	154	215.76
77949	154	215.76
77999	154	215.76
78049	155	215.76
78099	155	215.76
78149	155	215.76
78199	155	215.76
78249	155	215.76
78299	155	215.76
78349	155	215.76
78399	155	215.76
78449	155	215.76
78499	155	215.76
78548	156	215.76
78599	156	218.18
78649	156	218.18
78699	156	215.76
78749	156	215.76
78799	156	215.76
78849	156	218.18
78899	156	215.76
78949	156	215.76
78999	156	215.76
79049	157	215.76
79099	157	215.76
79149	157	215.76
79199	157	215.76
79249	157	215.76
79299	157	215.76
79349	157	215.76
79399	157	215.76
79449	157	218.18
79499	157	218.18
79549	158	215.76
79599	158	215.76
79649	158	215.76
79699	158	215.76
79749	158	215.76
79799	158	215.76
79849	158	215.76
79899	158	215.76
79949	158	215.76
80000	158	215.76
80049	159	215.76
80099	159	215.76
80149	159	215.76
80199	159	218.18
80249	159	218.18
80299	159	218.18
80349	159	215.76
80399	159	215.76
80449	159	218.18
80499	159	218.18
80549	160	215.76
80599	160	215.76
80649	160	215.76
80699	160	215.76
80749	160	215.76
80799	160	215.76
80849	160	215.76
80899	160	215.76
80949	160	215.76
80999	160	218.18
81049	161	218.18
81099	161	215.76
81149	161	215.76
81199	161	215.76
81249	161	218.18
81299	161	218.18
81349	161	215.76
81399	161	218.18
81449	161	215.76
81499	161	215.76
81549	162	215.76
81599	162	215.76
81649	162	215.76
81699	162	215.76
81748	162	215.76
81799	162	215.76
81849	162	215.76
81899	162	215.76
81949	162	215.76
81999	162	215.76
82049	163	218.18
82099	163	218.18
82149	163	218.18
82199	163	218.18
82249	163	215.76
82299	163	215.76
82349	163	215.76
82399	163	215.76
82449	163	215.76
82499	163	215.76
82549	164	215.76
82599	164	215.76
82649	164	215.76
82699	164	215.76
82749	164	215.76
82799	164	215.76
82849	164	218.18
82899	164	218.18
82949	164	218.18
82999	164	218.18
83049	165	215.76
83099	165	215.76
83149	165	215.76
83200	165	215.76
83249	165	215.76
83299	165	215.76
83349	165	215.76
83399	165	215.76
83449	165	215.76
83499	165	215.76
83549	166	215.76
83599	166	215.76
83649	166	218.18
83699	166	215.76
83749	166	218.18
83799	166	218.18
83849	166	215.76
83899	166	215.76
83949	166	215.76
83999	166	218.18
84049	167	218.18
84099	167	218.18
84149	167	215.76
84199	167	215.76
84249	167	215.76
84299	167	215.76
84349	167	215.76
84399	167	215.76
84449	167	218.18
84499	167	215.76
84549	168	215.76
84599	168	215.76
84649	168	215.76
84699	168	215.76
84749	168	215.76
84799	168	218.18
84849	168	218.18
84899	168	218.18
84948	168	215.76
84999	168	215.76
85049	169	215.76
85099	169	215.76
85149	169	215.76
85199	169	215.76
85249	169	218.18
85299	169	215.76
85349	169	215.76
85399	169	215.76
85449	169	215.76
85499	169	215.76
85549	170	215.76
85599	170	218.18
85649	170	218.18
85699	170	218.18
85749	170	218.18
85799	170	218.18
85849	170	218.18
85899	170	215.76
85949	170	215.76
85999	170	215.76
86049	171	215.76
86099	171	218.18
86149	171	218.18
86199	171	218.18
86249	171	220.61
86299	171	220.61
86349	171	220.61
86400	171	220.61
86449	171	218.18
86499	171	218.18
86549	172	218.18
86599	172	218.18
86649	172	218.18
86699	172	218.18
86749	172	218.18
86799	172	218.18
86849	172	218.18
86899	172	218.18
86949	172	218.18
86999	172	218.18
87049	173	220.61
87099	173	220.61
87149	173	220.61
87199	173	220.61
87249	173	218.18
87299	173	218.18
87349	173	220.61
87399	173	218.18
87449	173	218.18
87499	173	218.18
87549	174	218.18
87599	174	218.18
87649	174	218.18
87699	174	220.61
87749	174	220.61
87799	174	220.61
87849	174	220.61
87899	174	218.18
87949	174	218.18
87999	174	220.61
88049	175	220.61
88099	175	220.61
88148	175	220.61
88199	175	218.18
88249	175	220.61
88299	175	220.61
88349	175	220.61
88399	175	220.61
88449	175	218.18
88499	175	220.61
88549	176	220.61
88599	176	218.18
88649	176	218.18
88699	176	220.61
88749	176	220.61
88799	176	220.61
88849	176	220.61
88899	176	220.61
88949	176	218.18
88999	176	220.61
89049	177	220.61
89099	177	220.61
89149	177	220.61
89199	177	220.61
89249	177	218.18
89299	177	220.61
89349	177	218.18
89399	177	220.61
89449	177	220.61
89499	177	218.18
89549	178	220.61
89600	178	220.61
89649	178	220.61
89699	178	220.61
89749	178	220.61
89799	178	220.61
89849	178	220.61
89899	178	220.61
89949	178	218.18
89999	178	220.61
90049	179	220.61
90099	179	220.61
90149	179	218.18
90199	179	220.61
90249	179	218.18
90299	179	220.61
90349	179	220.61
90399	179	220.61
90449	179	220.61
90499	179	220.61
90549	180	220.61
90599	180	220.61
90649	180	220.61
90699	180	220.61
90749	180	220.61
90799	180	220.61
90849	180	220.61
90899	180	220.61
90949	180	220.61
90999	180	220.61
91049	181	218.18
91099	181	220.61
91149	181	220.61
91199	181	220.61
91249	181	220.61
91299	181	220.61
91348	181	220.61
91399	181	220.61
91449	181	220.61
91499	181	220.61
91549	182	220.61
91599	182	218.18
91649	182	220.61
91699	182	220.61
91749	182	220.61
91799	182	220.61
91849	182	220.61
91899	182	220.61
91949	182	220.61
91999	182	223.03
92049	183	220.61
92099	183	220.61
92149	183	218.18
92199	183	220.61
92249	183	220.61
92299	183	220.61
92349	183	220.61
92399	183	220.61
92449	183	220.61
92499	183	220.61
92549	184	220.61
92599	184	220.61
92649	184	220.61
92699	184	220.61
92749	184	220.61
92800	184	220.61
92849	184	220.61
92899	184	220.61
92949	184	220.61
92999	184	220.61
93049	185	220.61
93099	185	223.03
93149	185	223.03
93199	185	220.61
93249	185	220.61
93299	185	220.61
93349	185	223.03
93399	185	220.61
93449	185	220.61
93499	185	220.61
93549	186	223.03
93599	186	223.03
93649	186	220.61
93699	186	220.61
93749	186	220.61
93799	186	220.61
93849	186	223.03
93899	186	223.03
93949	186	220.61
93999	186	220.61
94049	187	220.61
94099	187	223.03
94149	187	223.03
94199	187	223.03
94249	187	223.03
94299	187	220.61
94349	187	220.61
94399	187	220.61
94449	187	220.61
94499	187	220.61
94548	188	220.61
94599	188	220.61
94649	188	223.03
94699	188	223.03
94749	188	223.03
94799	188	223.03
94849	188	220.61
94899	188	220.61
94949	188	220.61
94999	188	220.61
95049	189	220.61
95099	189	220.61
95149	189	220.61
95199	189	220.61
95249	189	220.61
95299	189	220.61
95349	189	220.61
95399	189	220.61
95449	189	220.61
95499	189	220.61
95549	190	220.61
95599	190	220.61
95649	190	220.61
95699	190	220.61
95749	190	220.61
95799	190	223.03
95849	190	223.03
95899	190	220.61
95949	190	220.61
96000	190	223.03
96049	191	223.03
96099	191	223.03
96149	191	220.61
96199	191	223.03
96249	191	223.03
96299	191	220.61
96349	191	220.61
96399	191	220.61
96449	191	220.61
96499	191	220.61
96549	192	220.61
96599	192	223.03
96649	192	223.03
96699	192	223.03
96749	192	223.03
96799	192	220.61
96849	192	220.61
96899	192	223.03
96949	192	223.03
96999	192	223.03
97049	193	223.03
97099	193	223.03
97149	193	220.61
97199	193	220.61
97249	193	223.03
97299	193	223.03
97349	193	223.03
97399	193	220.61
97449	193	220.61
97499	193	220.61
97549	194	223.03
97599	194	223.03
97649	194	223.03
97699	194	220.61
97748	194	223.03
97799	194	223.03
97849	194	223.03
97899	194	220.61
97949	194	223.03
97999	194	223.03
98049	195	220.61
98099	195	220.61
98149	195	223.03
98199	195	223.03
98249	195	223.03
98299	195	223.03
98349	195	223.03
98399	195	220.61
98449	195	223.03
98499	195	220.61
98549	196	223.03
98599	196	223.03
98649	196	223.03
98699	196	223.03
98749	196	223.03
98799	196	223.03
98849	196	223.03
98899	196	220.61
98949	196	223.03
98999	196	223.03
99049	197	223.03
99099	197	223.03
99149	197	220.61
99200	197	223.03
99249	197	223.03
99299	197	223.03
99349	197	220.61
99399	197	223.03
99449	197	223.03
99499	197	223.03
99549	198	223.03
99599	198	223.03
99649	198	223.03
99699	198	223.03
99749	198	223.03
99799	198	220.61
99849	198	223.03
99899	198	220.61
99949	198	223.03
99999	198	223.03
100049	199	223.03
100099	199	223.03
100149	199	223.03
100199	199	220.61
100249	199	223.03
100299	199	220.61
100349	199	223.03
100399	199	220.61
100449	199	223.03
100499	199	220.61
100549	200	223.03
100599	200	223.03
100649	200	223.03
100699	200	223.03
100749	200	223.03
100799	200	223.03
100849	200	223.03
100899	200	223.03
100948	200	223.03
100999	200	223.03
101049	201	223.03
101099	201	223.03
101149	201	223.03
101199	201	223.03
101249	201	223.03
101299	201	223.03
101349	201	223.03
101399	201	223.03
101449	201	223.03
101499	201	223.03
101549	202	223.03
101599	202	223.03
101649	202	223.03
101699	202	223.03
101749	202	223.03
101799	202	223.03
101849	202	223.03
101899	202	223.03
101949	202	223.03
101999	202	223.03
102049	203	223.03
102099	203	223.03
102149	203	225.45
102199	203	223.03
102249	203	223.03
102299	203	223.03
102349	203	223.03
102400	203	223.03
102449	203	223.03
102499	203	223.03
102549	204	223.03
102599	204	223.03
102649	204	223.03
102699	204	223.03
102749	204	223.03
102799	204	223.03
102849	204	223.03
102899	204	223.03
102949	204	223.03
102999	204	223.03
103049	205	223.03
103099	205	223.03
103149	205	223.03
103199	205	223.03
103249	205	223.03
103299	205	223.03
103349	205	223.03
103399	205	223.03
103449	205	223.03
103499	205	223.03
103549	206	225.45
103599	206	223.03
103649	206	223.03
103699	206	223.03
103749	206	223.03
103799	206	225.45
103849	206	225.45
103899	206	223.03
103949	206	223.03
103999	206	223.03
104049	207	223.03
104099	207	223.03
104148	207	223.03
104199	207	225.45
104249	207	223.03
104299	207	223.03
104349	207	223.03
104399	207	223.03
104449	207	223.03
104499	207	223.03
104549	208	223.03
104599	208	225.45
104649	208	223.03
104699	208	223.03
104749	208	223.03
104799	208	223.03
104849	208	223.03
104899	208	223.03
104949	208	223.03
104999	208	223.03
105049	209	223.03
105099	209	223.03
105149	209	223.03
105199	209	223.03
105249	209	223.03
105299	209	225.45
105349	209	225.45
105399	209	225.45
105449	209	223.03
105499	209	225.45
105549	210	223.03
105600	210	223.03
105649	210	225.45
105699	210	225.45
105749	210	223.03
105799	210	223.03
105849	210	223.03
105899	210	223.03
105949	210	225.45
105999	210	223.03
106049	211	223.03
106099	211	223.03
106149	211	225.45
106199	211	225.45
106249	211	227.88
106299	211	225.45
106349	211	225.45
106399	211	225.45
106449	211	225.45
106499	211	223.03
106549	212	223.03
106599	212	223.03
106649	212	223.03
106699	212	223.03
106749	212	223.03
106799	212	223.03
106849	212	223.03
106899	212	225.45
106949	212	227.88
106999	212	223.03
107049	213	223.03
107099	213	223.03
107149	213	223.03
107199	213	225.45
107249	213	225.45
107299	213	223.03
107348	213	223.03
107399	213	223.03
107449	213	225.45
107499	213	225.45
107549	214	225.45
107599	214	223.03
107649	214	223.03
107699	214	223.03
107749	214	223.03
107799	214	225.45
107849	214	225.45
107899	214	223.03
107949	214	223.03
107999	214	223.03
108049	215	225.45
108099	215	225.45
108149	215	223.03
108199	215	223.03
108249	215	225.45
108299	215	225.45
108349	215	223.03
108399	215	223.03
108449	215	223.03
108499	215	225.45
108549	216	225.45
108599	216	223.03
108649	216	225.45
108699	216	227.88
108749	216	225.45
108800	216	223.03
108849	216	225.45
108899	216	225.45
108949	216	223.03
108999	216	223.03
109049	217	225.45
109099	217	225.45
109149	217	223.03
109199	217	225.45
109249	217	225.45
109299	217	223.03
109349	217	225.45
109399	217	225.45
109449	217	223.03
109499	217	223.03
109549	218	225.45
109599	218	225.45
109649	218	225.45
109699	218	225.45
109749	218	223.03
109799	218	223.03
109849	218	225.45
109899	218	223.03
109949	218	225.45
109999	218	225.45
110049	219	225.45
110099	219	223.03
110149	219	225.45
110199	219	223.03
110249	219	225.45
110299	219	225.45
110349	219	223.03
110399	219	225.45
110449	219	225.45
110499	219	225.45
110548	220	225.45
110599	220	223.03
110649	220	225.45
110699	220	223.03
110749	220	225.45
110799	220	225.45
110849	220	223.03
110899	220	225.45
110949	220	225.45
110999	220	225.45
111049	221	223.03
111099	221	225.45
111149	221	223.03
111199	221	225.45
111249	221	225.45
111299	221	225.45
111349	221	223.03
111399	221	225.45
111449	221	223.03
111499	221	225.45
111549	222	223.03
111599	222	225.45
111649	222	223.03
111699	222	225.45
111749	222	223.03
111799	222	225.45
111849	222	223.03
111899	222	225.45
111949	222	225.45
112000	222	225.45
112049	223	223.03
112099	223	225.45
112149	223	223.03
112199	223	225.45
112249	223	223.03
112299	223	225.45
112349	223	225.45
112399	223	225.45
112449	223	225.45
112499	223	225.45
112549	224	225.45
112599	224	225.45
112649	224	225.45
112699	224	225.45
112749	224	225.45
112799	224	225.45
112849	224	223.03
112899	224	225.45
112949	224	223.03
112999	224	225.45
113049	225	225.45
113099	225	225.45
113149	225	225.45
113199	225	223.03
113249	225	225.45
113299	225	225.45
113349	225	225.45
113399	225	225.45
113449	225	223.03
113499	225	225.45
113549	226	225.45
113599	226	223.03
113649	226	225.45
113699	226	225.45
113748	226	225.45
113799	226	225.45
113849	226	225.45
113899	226	223.03
113949	226	225.45
113999	226	225.45
114049	227	225.45
114099	227	225.45
114149	227	225.45
114199	227	223.03
114249	227	225.45
114299	227	225.45
114349	227	227.88
114399	227	225.45
114449	227	225.45
114499	227	225.45
114549	228	225.45
114599	228	225.45
114649	228	225.45
114699	228	225.45
114749	228	223.03
114799	228	225.45
114849	228	225.45
114899	228	225.45
114949	228	227.88
114999	228	225.45
115049	229	225.45
115099	229	225.45
115149	229	227.88
115200	229	227.88
115249	229	225.45
115299	229	225.45
115349	229	225.45
115399	229	227.88
115449	229	227.88
115499	229	225.45
115549	230	225.45
115599	230	225.45
115649	230	225.45
115699	230	225.45
115749	230	227.88
115799	230	225.45
115849	230	225.45
115899	230	225.45
115949	230	225.45
115999	230	225.45
116049	231	225.45
116099	231	225.45
116149	231	227.88
116199	231	227.88
116249	231	225.45
116299	231	225.45
116349	231	225.45
116399	231	225.45
116449	231	225.45
116499	231	225.45
116549	232	225.45
116599	232	225.45
116649	232	225.45
116699	232	227.88
116749	232	227.88
116799	232	227.88
116849	232	225.45
116899	232	225.45
116948	232	225.45
116999	232	225.45
117049	233	225.45
117099	233	225.45
117149	233	225.45
117199	233	227.88
117249	233	227.88
117299	233	227.88
117349	233	225.45
117399	233	225.45
117449	233	225.45
117499	233	225.45
117549	234	225.45
117599	234	225.45
117649	234	225.45
117699	234	225.45
117749	234	225.45
117799	234	225.45
117849	234	225.45
117899	234	225.45
117949	234	225.45
117999	234	225.45
118049	235	225.45
118099	235	225.45
118149	235	225.45
118199	235	225.45
118249	235	227.88
118299	235	227.88
118349	235	225.45
118400	235	225.45
118449	235	227.88
118499	235	225.45
118549	236	227.88
118599	236	227.88
118649	236	227.88
118699	236	225.45
118749	236	225.45
118799	236	227.88
118849	236	227.88
118899	236	227.88
118949	236	227.88
118999	236	227.88
119049	237	227.88
119099	237	227.88
119149	237	225.45
119199	237	225.45
119249	237	225.45
119299	237	225.45
119349	237	225.45
119399	237	225.45
119449	237	225.45
119499	237	225.45
119549	238	225.45
119599	238	225.45
119649	238	227.88
119699	238	227.88
119749	238	227.88
119799	238	227.88
119849	238	227.88
119899	238	225.45
119949	238	225.45
119999	238	225.45
120049	239	225.45
120099	239	225.45
120148	239	227.88
120199	239	227.88
120249	239	227.88
120299	239	227.88
120349	239	225.45
120399	239	225.45
120449	239	225.45
120499	239	225.45
120549	240	225.45
120599	240	225.45
120649	240	227.88
120699	240	227.88
120749	240	225.45
120799	240	225.45
120849	240	225.45
120899	240	225.45
120949	240	225.45
120999	240	225.45
121049	241	225.45
121099	241	225.45
121149	241	227.88
121199	241	227.88
121249	241	225.45
121299	241	225.45
121349	241	225.45
121399	241	225.45
121449	241	227.88
121499	241	227.88
121549	242	225.45
121600	242	225.45
121649	242	225.45
121699	242	227.88
121749	242	225.45
121799	242	225.45
121849	242	225.45
121899	242	227.88
121949	242	227.88
121999	242	225.45
122049	243	225.45
122099	243	227.88
122149	243	227.88
122199	243	225.45
122249	243	225.45
122299	243	227.88
122349	243	227.88
122399	243	225.45
122449	243	225.45
122499	243	227.88
122549	244	227.88
122599	244	225.45
122649	244	225.45
122699	244	227.88
122749	244	227.88
122799	244	225.45
122849	244	227.88
122899	244	227.88
122949	244	225.45
122999	244	227.88
123049	245	227.88
123099	245	225.45
123149	245	227.88
123199	245	227.88
123249	245	225.45
123299	245	227.88
123348	245	225.45
123399	245	225.45
123449	245	227.88
123499	245	225.45
123549	246	227.88
123599	246	227.88
123649	246	227.88
123699	246	227.88
123749	246	225.45
123799	246	227.88
123849	246	225.45
123899	246	227.88
123949	246	227.88
123999	246	225.45
124049	247	227.88
124099	247	225.45
124149	247	227.88
124199	247	227.88
124249	247	225.45
124299	247	227.88
124349	247	227.88
124399	247	227.88
124449	247	227.88
124499	247	225.45
124549	248	227.88
124599	248	227.88
124649	248	227.88
124699	248	227.88
124749	248	227.88
124800	248	227.88
124849	248	227.88
124899	248	227.88
124949	248	227.88
124999	248	227.88
125049	249	225.45
125099	249	227.88
125149	249	227.88
125199	249	227.88
125249	249	225.45
125299	249	227.88
125349	249	227.88
125399	249	227.88
125449	249	227.88
125499	249	227.88
125549	250	225.45
125599	250	227.88
125649	250	227.88
125699	250	225.45
125749	250	227.88
125799	250	225.45
125849	250	227.88
125899	250	227.88
125949	250	227.88
125999	250	227.88
126049	251	225.45
126099	251	227.88
126149	251	227.88
126199	251	227.88
126249	251	227.88
126299	251	225.45
126349	251	227.88
126399	251	227.88
126449	251	230.30
126499	251	227.88
126548	252	227.88
126599	252	227.88
126649	252	227.88
126699	252	227.88
126749	252	227.88
126799	252	227.88
126849	252	227.88
126899	252	227.88
126949	252	227.88
126999	252	227.88
127049	253	227.88
127099	253	227.88
127149	253	227.88
127199	253	230.30
127249	253	230.30
127299	253	227.88
127349	253	227.88
127399	253	227.88
127449	253	227.88
127499	253	230.30
127549	254	227.88
127599	254	227.88
127649	254	227.88
127699	254	227.88
127749	254	227.88
127799	254	227.88
127849	254	227.88
127899	254	227.88
127949	254	227.88
128000	254	227.88
128049	255	227.88
128099	255	227.88
128149	255	230.30
128199	255	230.30
128249	255	230.30
128299	255	227.88
128349	255	230.30
128399	255	230.30
128449	255	230.30
128499	255	230.30
128549	255	223.03
128599	255	203.64
128649	255	189.09
128699	255	174.55
128749	255	160.00
128799	255	143.03
128849	255	130.91
128899	255	118.79
128949	255	104.24
128999	255	89.70
129049	255	80.00
129099	255	65.45
129149	255	53.33
129199	255	43.64
129249	255	31.52
129299	255	21.82
129349	255	12.12
129399	255	4.85
129449	255	0.00
129499	255	0.00
129549	255	0.00
129599	255	0.00
129649	255	0.00
129699	255	0.00
129748	255	0.00
129799	255	0.00
129849	255	0.00
129899	255	0.00
129949	255	0.00
129999	255	0.00
130049	255	0.00
130099	255	0.00