% set_time: 50000
% delta t in s: 0.05
% START motor on: 1000
% END motor off: 128504

49	0	0.00
99	0	0.00
149	0	0.00
199	0	0.00
249	0	0.00
299	0	0.00
349	0	0.00
399	0	0.00
449	0	0.00
499	0	0.00
549	0	0.00
599	0	0.00
649	0	0.00
699	0	0.00
749	0	0.00
799	0	0.00
849	0	0.00
899	0	0.00
949	0	0.00
999	0	0.00
1049	1	0.00
1099	1	0.00
1149	1	0.00
1199	1	0.00
1249	1	0.00
1299	1	0.00
1349	1	0.00
1399	1	0.00
1449	1	0.00
1499	1	0.00
1549	2	0.00
1599	2	0.00
1649	2	0.00
1699	2	0.00
1748	2	0.00
1799	2	0.00
1849	2	0.00
1899	2	0.00
1949	2	0.00
1999	2	0.00
2049	3	0.00
2099	3	0.00
2149	3	0.00
2199	3	0.00
2249	3	0.00
2299	3	0.00
2349	3	0.00
2399	3	0.00
2449	3	0.00
2499	3	0.00
2549	4	0.00
2599	4	0.00
2649	4	0.00
2699	4	0.00
2749	4	0.00
2799	4	0.00
2849	4	0.00
2899	4	0.00
2949	4	0.00
2999	4	0.00
3049	5	0.00
3099	5	0.00
3149	5	0.00
3200	5	0.00
3249	5	0.00
3299	5	0.00
3349	5	0.00
3399	5	0.00
3449	5	0.00
3499	5	0.00
3549	6	0.00
3599	6	0.00
3649	6	0.00
3699	6	0.00
3749	6	0.00
3799	6	0.00
3849	6	0.00
3899	6	0.00
3949	6	0.00
3999	6	0.00
4049	7	0.00
4099	7	0.00
4149	7	0.00
4199	7	0.00
4249	7	0.00
4299	7	0.00
4349	7	0.00
4399	7	0.00
4449	7	0.00
4499	7	0.00
4549	8	0.00
4599	8	0.00
4649	8	0.00
4699	8	0.00
4749	8	0.00
4799	8	0.00
4849	8	0.00
4899	8	0.00
4948	8	0.00
4999	8	0.00
5049	9	0.00
5099	9	0.00
5149	9	0.00
5199	9	0.00
5249	9	0.00
5299	9	0.00
5349	9	0.00
5399	9	0.00
5449	9	0.00
5499	9	0.00
5549	10	0.00
5599	10	0.00
5649	10	0.00
5699	10	0.00
5749	10	0.00
5799	10	0.00
5849	10	0.00
5899	10	0.00
5949	10	0.00
5999	10	0.00
6049	11	0.00
6099	11	0.00
6149	11	0.00
6199	11	0.00
6249	11	0.00
6299	11	0.00
6349	11	0.00
6400	11	0.00
6449	11	0.00
6499	11	0.00
6549	12	0.00
6599	12	0.00
6649	12	0.00
6699	12	0.00
6749	12	0.00
6799	12	0.00
6849	12	0.00
6899	12	0.00
6949	12	0.00
6999	12	0.00
7049	13	0.00
7099	13	0.00
7149	13	0.00
7199	13	0.00
7249	13	0.00
7299	13	0.00
7349	13	0.00
7399	13	0.00
7449	13	0.00
7499	13	0.00
7549	14	0.00
7599	14	0.00
7649	14	0.00
7699	14	0.00
7749	14	0.00
7799	14	0.00
7849	14	0.00
7899	14	0.00
7949	14	0.00
7999	14	0.00
8049	15	0.00
8099	15	0.00
8148	15	0.00
8199	15	0.00
8249	15	0.00
8299	15	0.00
8349	15	0.00
8399	15	0.00
8449	15	0.00
8499	15	0.00
8549	16	0.00
8599	16	0.00
8649	16	0.00
8699	16	0.00
8749	16	0.00
8799	16	0.00
8849	16	0.00
8899	16	0.00
8949	16	0.00
8999	16	0.00
9049	17	0.00
9099	17	0.00
9149	17	0.00
9199	17	0.00
9249	17	0.00
9299	17	0.00
9349	17	0.00
9399	17	0.00
9449	17	0.00
9499	17	0.00
9549	18	0.00
9600	18	2.42
9649	18	0.00
9699	18	0.00
9749	18	0.00
9799	18	0.00
9849	18	0.00
9899	18	0.00
9949	18	0.00
9999	18	0.00
10049	19	0.00
10099	19	0.00
10149	19	0.00
10199	19	0.00
10249	19	0.00
10299	19	0.00
10349	19	0.00
10399	19	0.00
10449	19	0.00
10499	19	0.00
10549	20	0.00
10599	20	0.00
10649	20	0.00
10699	20	0.00
10749	20	0.00
10799	20	0.00
10849	20	0.00
10899	20	0.00
10949	20	0.00
10999	20	0.00
11049	21	0.00
11099	21	0.00
11149	21	0.00
11199	21	0.00
11249	21	0.00
11299	21	0.00
11348	21	0.00
11399	21	0.00
11449	21	0.00
11499	21	0.00
11549	22	0.00
11599	22	0.00
11649	22	0.00
11699	22	0.00
11749	22	0.00
11799	22	0.00
11849	22	0.00
11899	22	0.00
11949	22	0.00
11999	22	0.00
12049	23	0.00
12099	23	0.00
12149	23	0.00
12199	23	0.00
12249	23	0.00
12299	23	0.00
12349	23	0.00
12399	23	0.00
12449	23	0.00
12499	23	0.00
12549	24	0.00
12599	24	0.00
12649	24	0.00
12699	24	0.00
12749	24	0.00
12800	24	0.00
12849	24	0.00
12899	24	0.00
12949	24	0.00
12999	24	0.00
13049	25	0.00
13099	25	0.00
13149	25	0.00
13199	25	0.00
13249	25	0.00
13299	25	0.00
13349	25	0.00
13399	25	0.00
13449	25	0.00
13499	25	0.00
13549	26	0.00
13599	26	0.00
13649	26	0.00
13699	26	0.00
13749	26	0.00
13799	26	0.00
13849	26	0.00
13899	26	0.00
13949	26	0.00
13999	26	0.00
14049	27	0.00
14099	27	0.00
14149	27	0.00
14199	27	0.00
14249	27	0.00
14299	27	0.00
14349	27	0.00
14399	27	0.00
14449	27	0.00
14499	27	0.00
14548	28	0.00
14599	28	0.00
14649	28	0.00
14699	28	0.00
14749	28	0.00
14799	28	0.00
14849	28	0.00
14899	28	0.00
14949	28	0.00
14999	28	0.00
15049	29	0.00
15099	29	0.00
15149	29	0.00
15199	29	0.00
15249	29	0.00
15299	29	0.00
15349	29	0.00
15399	29	0.00
15449	29	0.00
15499	29	0.00
15549	30	0.00
15599	30	0.00
15649	30	0.00
15699	30	0.00
15749	30	0.00
15799	30	0.00
15849	30	0.00
15899	30	0.00
15949	30	0.00
16000	30	0.00
16049	31	0.00
16099	31	0.00
16149	31	0.00
16199	31	0.00
16249	31	0.00
16299	31	0.00
16349	31	0.00
16399	31	0.00
16449	31	0.00
16499	31	0.00
16549	32	0.00
16599	32	0.00
16649	32	0.00
16699	32	0.00
16749	32	0.00
16799	32	0.00
16849	32	0.00
16899	32	0.00
16949	32	0.00
16999	32	0.00
17049	33	0.00
17099	33	0.00
17149	33	0.00
17199	33	0.00
17249	33	0.00
17299	33	0.00
17349	33	0.00
17399	33	0.00
17449	33	0.00
17499	33	0.00
17549	34	0.00
17599	34	0.00
17649	34	0.00
17699	34	0.00
17748	34	0.00
17799	34	0.00
17849	34	0.00
17899	34	0.00
17949	34	0.00
17999	34	0.00
18049	35	0.00
18099	35	0.00
18149	35	0.00
18199	35	0.00
18249	35	0.00
18299	35	0.00
18349	35	0.00
18399	35	0.00
18449	35	0.00
18499	35	0.00
18549	36	0.00
18599	36	0.00
18649	36	0.00
18699	36	0.00
18749	36	0.00
18799	36	0.00
18849	36	0.00
18899	36	0.00
18949	36	0.00
18999	36	0.00
19049	37	0.00
19099	37	0.00
19149	37	0.00
19200	37	0.00
19249	37	0.00
19299	37	0.00
19349	37	0.00
19399	37	0.00
19449	37	0.00
19499	37	0.00
19549	38	0.00
19599	38	0.00
19649	38	0.00
19699	38	0.00
19749	38	0.00
19799	38	0.00
19849	38	0.00
19899	38	0.00
19949	38	0.00
19999	38	0.00
20049	39	0.00
20099	39	0.00
20149	39	0.00
20199	39	0.00
20249	39	0.00
20299	39	0.00
20349	39	0.00
20399	39	0.00
20449	39	0.00
20499	39	0.00
20549	40	0.00
20599	40	0.00
20649	40	0.00
20699	40	0.00
20749	40	0.00
20799	40	0.00
20849	40	0.00
20899	40	0.00
20948	40	0.00
20999	40	0.00
21049	41	0.00
21099	41	0.00
21149	41	0.00
21199	41	0.00
21249	41	0.00
21299	41	0.00
21349	41	0.00
21399	41	0.00
21449	41	0.00
21499	41	0.00
21549	42	0.00
21599	42	0.00
21649	42	0.00
21699	42	0.00
21749	42	0.00
21799	42	0.00
21849	42	0.00
21899	42	0.00
21949	42	0.00
21999	42	0.00
22049	43	0.00
22099	43	0.00
22149	43	0.00
22199	43	0.00
22249	43	0.00
22299	43	0.00
22349	43	0.00
22400	43	0.00
22449	43	0.00
22499	43	0.00
22549	44	0.00
22599	44	0.00
22649	44	0.00
22699	44	0.00
22749	44	0.00
22799	44	0.00
22849	44	0.00
22899	44	0.00
22949	44	0.00
22999	44	0.00
23049	45	0.00
23099	45	0.00
23149	45	0.00
23199	45	0.00
23249	45	0.00
23299	45	0.00
23349	45	0.00
23399	45	0.00
23449	45	0.00
23499	45	0.00
23549	46	0.00
23599	46	0.00
23649	46	0.00
23699	46	0.00
23749	46	0.00
23799	46	0.00
23849	46	0.00
23899	46	0.00
23949	46	0.00
23999	46	0.00
24049	47	0.00
24099	47	0.00
24148	47	0.00
24199	47	0.00
24249	47	0.00
24299	47	0.00
24349	47	0.00
24399	47	0.00
24449	47	0.00
24499	47	0.00
24549	48	0.00
24599	48	0.00
24649	48	0.00
24699	48	0.00
24749	48	0.00
24799	48	0.00
24849	48	0.00
24899	48	0.00
24949	48	2.42
24999	48	16.97
25049	49	26.67
25099	49	38.79
25149	49	46.06
25199	49	53.33
25249	49	60.61
25299	49	65.45
25349	49	70.30
25399	49	72.73
25449	49	77.58
25499	49	80.00
25549	50	84.85
25600	50	87.27
25649	50	87.27
25699	50	92.12
25749	50	94.55
25799	50	96.97
25849	50	94.55
25899	50	99.39
25949	50	96.97
25999	50	96.97
26049	51	99.39
26099	51	99.39
26149	51	101.82
26199	51	101.82
26249	51	104.24
26299	51	104.24
26349	51	104.24
26399	51	106.67
26449	51	104.24
26499	51	106.67
26549	52	104.24
26599	52	106.67
26649	52	106.67
26699	52	106.67
26749	52	109.09
26799	52	106.67
26849	52	109.09
26899	52	109.09
26949	52	111.52
26999	52	109.09
27049	53	109.09
27099	53	106.67
27149	53	109.09
27199	53	109.09
27249	53	109.09
27299	53	109.09
27348	53	111.52
27399	53	111.52
27449	53	111.52
27499	53	113.94
27549	54	111.52
27599	54	113.94
27649	54	113.94
27699	54	111.52
27749	54	113.94
27799	54	113.94
27849	54	116.36
27899	54	113.94
27949	54	116.36
27999	54	116.36
28049	55	118.79
28099	55	116.36
28149	55	116.36
28199	55	118.79
28249	55	116.36
28299	55	116.36
28349	55	118.79
28399	55	118.79
28449	55	118.79
28499	55	121.21
28549	56	118.79
28599	56	121.21
28649	56	118.79
28699	56	121.21
28749	56	118.79
28800	56	121.21
28849	56	121.21
28899	56	121.21
28949	56	123.64
28999	56	121.21
29049	57	123.64
29099	57	123.64
29149	57	121.21
29199	57	123.64
29249	57	123.64
29299	57	121.21
29349	57	126.06
29399	57	123.64
29449	57	123.64
29499	57	126.06
29549	58	126.06
29599	58	123.64
29649	58	126.06
29699	58	126.06
29749	58	123.64
29799	58	126.06
29849	58	128.48
29899	58	126.06
29949	58	128.48
29999	58	126.06
30049	59	128.48
30099	59	128.48
30149	59	126.06
30199	59	128.48
30249	59	128.48
30299	59	128.48
30349	59	130.91
30399	59	130.91
30449	59	128.48
30499	59	130.91
30548	60	130.91
30599	60	128.48
30649	60	130.91
30699	60	130.91
30749	60	130.91
30799	60	133.33
30849	60	133.33
30899	60	130.91
30949	60	133.33
30999	60	133.33
31049	61	130.91
31099	61	133.33
31149	61	133.33
31199	61	133.33
31249	61	135.76
31299	61	133.33
31349	61	135.76
31399	61	135.76
31449	61	133.33
31499	61	135.76
31549	62	133.33
31599	62	135.76
31649	62	135.76
31699	62	135.76
31749	62	138.18
31799	62	135.76
31849	62	138.18
31899	62	135.76
31949	62	138.18
32000	62	135.76
32049	63	138.18
32099	63	138.18
32149	63	138.18
32199	63	138.18
32249	63	140.61
32299	63	138.18
32349	63	140.61
32399	63	138.18
32449	63	140.61
32499	63	138.18
32549	64	140.61
32599	64	140.61
32649	64	140.61
32699	64	143.03
32749	64	140.61
32799	64	140.61
32849	64	143.03
32899	64	140.61
32949	64	143.03
32999	64	140.61
33049	65	143.03
33099	65	143.03
33149	65	143.03
33199	65	143.03
33249	65	143.03
33299	65	143.03
33349	65	143.03
33399	65	145.45
33449	65	143.03
33499	65	145.45
33549	66	145.45
33599	66	145.45
33649	66	143.03
33699	66	145.45
33748	66	145.45
33799	66	145.45
33849	66	147.88
33899	66	145.45
33949	66	147.88
33999	66	145.45
34049	67	145.45
34099	67	147.88
34149	67	145.45
34199	67	147.88
34249	67	147.88
34299	67	147.88
34349	67	147.88
34399	67	150.30
34449	67	147.88
34499	67	145.45
34549	68	150.30
34599	68	147.88
34649	68	150.30
34699	68	147.88
34749	68	150.30
34799	68	150.30
34849	68	150.30
34899	68	147.88
34949	68	150.30
34999	68	150.30
35049	69	150.30
35099	69	152.73
35149	69	150.30
35200	69	152.73
35249	69	150.30
35299	69	150.30
35349	69	152.73
35399	69	152.73
35449	69	150.30
35499	69	152.73
35549	70	152.73
35599	70	152.73
35649	70	152.73
35699	70	152.73
35749	70	152.73
35799	70	155.15
35849	70	152.73
35899	70	155.15
35949	70	152.73
35999	70	155.15
36049	71	152.73
36099	71	155.15
36149	71	152.73
36199	71	155.15
36249	71	157.58
36299	71	155.15
36349	71	155.15
36399	71	155.15
36449	71	155.15
36499	71	155.15
36549	72	157.58
36599	72	155.15
36649	72	157.58
36699	72	157.58
36749	72	155.15
36799	72	155.15
36849	72	157.58
36899	72	157.58
36948	72	155.15
36999	72	155.15
37049	73	157.58
37099	73	157.58
37149	73	157.58
37199	73	160.00
37249	73	157.58
37299	73	157.58
37349	73	157.58
37399	73	160.00
37449	73	160.00
37499	73	160.00
37549	74	157.58
37599	74	157.58
37649	74	160.00
37699	74	160.00
37749	74	160.00
37799	74	162.42
37849	74	160.00
37899	74	162.42
37949	74	160.00
37999	74	160.00
38049	75	162.42
38099	75	162.42
38149	75	160.00
38199	75	160.00
38249	75	160.00
38299	75	160.00
38349	75	162.42
38400	75	162.42
38449	75	162.42
38499	75	164.85
38549	76	162.42
38599	76	164.85
38649	76	162.42
38699	76	164.85
38749	76	162.42
38799	76	162.42
38849	76	162.42
38899	76	164.85
38949	76	162.42
38999	76	164.85
39049	77	162.42
39099	77	164.85
39149	77	162.42
39199	77	162.42
39249	77	164.85
39299	77	167.27
39349	77	164.85
39399	77	164.85
39449	77	164.85
39499	77	164.85
39549	78	167.27
39599	78	164.85
39649	78	164.85
39699	78	167.27
39749	78	167.27
39799	78	164.85
39849	78	164.85
39899	78	167.27
39949	78	167.27
39999	78	167.27
40049	79	167.27
40099	79	167.27
40148	79	167.27
40199	79	167.27
40249	79	167.27
40299	79	167.27
40349	79	167.27
40399	79	169.70
40449	79	167.27
40499	79	169.70
40549	80	167.27
40599	80	169.70
40649	80	169.70
40699	80	169.70
40749	80	169.70
40799	80	169.70
40849	80	169.70
40899	80	169.70
40949	80	169.70
40999	80	169.70
41049	81	169.70
41099	81	169.70
41149	81	169.70
41199	81	169.70
41249	81	172.12
41299	81	169.70
41349	81	169.70
41399	81	172.12
41449	81	172.12
41499	81	172.12
41549	82	172.12
41600	82	169.70
41649	82	169.70
41699	82	172.12
41749	82	172.12
41799	82	172.12
41849	82	172.12
41899	82	172.12
41949	82	172.12
41999	82	172.12
42049	83	174.55
42099	83	172.12
42149	83	174.55
42199	83	174.55
42249	83	172.12
42299	83	174.55
42349	83	174.55
42399	83	174.55
42449	83	174.55
42499	83	174.55
42549	84	174.55
42599	84	174.55
42649	84	174.55
42699	84	174.55
42749	84	174.55
42799	84	176.97
42849	84	174.55
42899	84	174.55
42949	84	174.55
42999	84	174.55
43049	85	176.97
43099	85	174.55
43149	85	174.55
43199	85	174.55
43249	85	176.97
43299	85	176.97
43348	85	176.97
43399	85	174.55
43449	85	176.97
43499	85	176.97
43549	86	176.97
43599	86	176.97
43649	86	176.97
43699	86	176.97
43749	86	179.39
43799	86	176.97
43849	86	179.39
43899	86	176.97
43949	86	176.97
43999	86	179.39
44049	87	176.97
44099	87	179.39
44149	87	179.39
44199	87	176.97
44249	87	176.97
44299	87	179.39
44349	87	179.39
44399	87	179.39
44449	87	179.39
44499	87	179.39
44549	88	179.39
44599	88	179.39
44649	88	179.39
44699	88	179.39
44749	88	179.39
44800	88	179.39
44849	88	179.39
44899	88	179.39
44949	88	179.39
44999	88	179.39
45049	89	181.82
45099	89	179.39
45149	89	179.39
45199	89	179.39
45249	89	179.39
45299	89	181.82
45349	89	181.82
45399	89	181.82
45449	89	181.82
45499	89	181.82
45549	90	181.82
45599	90	181.82
45649	90	181.82
45699	90	181.82
45749	90	181.82
45799	90	181.82
45849	90	181.82
45899	90	181.82
45949	90	181.82
45999	90	181.82
46049	91	181.82
46099	91	181.82
46149	91	184.24
46199	91	181.82
46249	91	181.82
46299	91	184.24
46349	91	184.24
46399	91	181.82
46449	91	181.82
46499	91	181.82
46548	92	181.82
46599	92	184.24
46649	92	184.24
46699	92	184.24
46749	92	184.24
46799	92	184.24
46849	92	184.24
46899	92	184.24
46949	92	184.24
46999	92	184.24
47049	93	184.24
47099	93	184.24
47149	93	184.24
47199	93	186.67
47249	93	184.24
47299	93	186.67
47349	93	184.24
47399	93	186.67
47449	93	186.67
47499	93	184.24
47549	94	186.67
47599	94	184.24
47649	94	184.24
47699	94	186.67
47749	94	186.67
47799	94	186.67
47849	94	186.67
47899	94	186.67
47949	94	186.67
48000	94	186.67
48049	95	186.67
48099	95	186.67
48149	95	186.67
48199	95	184.24
48249	95	184.24
48299	95	186.67
48349	95	186.67
48399	95	189.09
48449	95	186.67
48499	95	186.67
48549	96	186.67
48599	96	186.67
48649	96	189.09
48699	96	186.67
48749	96	186.67
48799	96	189.09
48849	96	186.67
48899	96	186.67
48949	96	189.09
48999	96	186.67
49049	97	186.67
49099	97	186.67
49149	97	186.67
49199	97	189.09
49249	97	189.09
49299	97	189.09
49349	97	189.09
49399	97	189.09
49449	97	186.67
49499	97	189.09
49549	98	189.09
49599	98	189.09
49649	98	189.09
49699	98	189.09
49748	98	189.09
49799	98	189.09
49849	98	189.09
49899	98	191.52
49949	98	189.09
49999	98	189.09
50049	99	189.09
50099	99	189.09
50149	99	189.09
50199	99	189.09
50249	99	191.52
50299	99	191.52
50349	99	189.09
50399	99	189.09
50449	99	191.52
50499	99	189.09
50549	100	189.09
50599	100	189.09
50649	100	189.09
50699	100	189.09
50749	100	189.09
50799	100	191.52
50849	100	191.52
50899	100	191.52
50949	100	191.52
50999	100	191.52
51049	101	191.52
51099	101	191.52
51149	101	191.52
51200	101	191.52
51249	101	191.52
51299	101	191.52
51349	101	191.52
51399	101	191.52
51449	101	191.52
51499	101	191.52
51549	102	193.94
51599	102	191.52
51649	102	191.52
51699	102	191.52
51749	102	191.52
51799	102	191.52
51849	102	193.94
51899	102	193.94
51949	102	193.94
51999	102	191.52
52049	103	191.52
52099	103	193.94
52149	103	193.94
52199	103	191.52
52249	103	191.52
52299	103	191.52
52349	103	191.52
52399	103	193.94
52449	103	193.94
52499	103	193.94
52549	104	191.52
52599	104	191.52
52649	104	193.94
52699	104	193.94
52749	104	193.94
52799	104	193.94
52849	104	193.94
52899	104	191.52
52948	104	193.94
52999	104	193.94
53049	105	193.94
53099	105	193.94
53149	105	193.94
53199	105	196.36
53249	105	193.94
53299	105	193.94
53349	105	196.36
53399	105	196.36
53449	105	193.94
53499	105	193.94
53549	106	196.36
53599	106	196.36
53649	106	196.36
53699	106	196.36
53749	106	196.36
53799	106	193.94
53849	106	193.94
53899	106	193.94
53949	106	193.94
53999	106	193.94
54049	107	193.94
54099	107	193.94
54149	107	193.94
54199	107	196.36
54249	107	196.36
54299	107	196.36
54349	107	196.36
54400	107	196.36
54449	107	193.94
54499	107	196.36
54549	108	196.36
54599	108	196.36
54649	108	196.36
54699	108	196.36
54749	108	196.36
54799	108	196.36
54849	108	196.36
54899	108	196.36
54949	108	198.79
54999	108	196.36
55049	109	198.79
55099	109	196.36
55149	109	196.36
55199	109	198.79
55249	109	198.79
55299	109	198.79
55349	109	196.36
55399	109	196.36
55449	109	196.36
55499	109	196.36
55549	110	196.36
55599	110	196.36
55649	110	196.36
55699	110	198.79
55749	110	198.79
55799	110	196.36
55849	110	198.79
55899	110	198.79
55949	110	198.79
55999	110	198.79
56049	111	198.79
56099	111	198.79
56148	111	198.79
56199	111	198.79
56249	111	198.79
56299	111	198.79
56349	111	198.79
56399	111	198.79
56449	111	198.79
56499	111	198.79
56549	112	198.79
56599	112	198.79
56649	112	198.79
56699	112	201.21
56749	112	198.79
56799	112	198.79
56849	112	198.79
56899	112	198.79
56949	112	201.21
56999	112	198.79
57049	113	198.79
57099	113	198.79
57149	113	201.21
57199	113	198.79
57249	113	198.79
57299	113	198.79
57349	113	198.79
57399	113	198.79
57449	113	201.21
57499	113	201.21
57549	114	201.21
57600	114	201.21
57649	114	201.21
57699	114	201.21
57749	114	201.21
57799	114	201.21
57849	114	198.79
57899	114	201.21
57949	114	201.21
57999	114	201.21
58049	115	201.21
58099	115	201.21
58149	115	198.79
58199	115	201.21
58249	115	201.21
58299	115	198.79
58349	115	201.21
58399	115	201.21
58449	115	201.21
58499	115	201.21
58549	116	201.21
58599	116	201.21
58649	116	201.21
58699	116	203.64
58749	116	201.21
58799	116	201.21
58849	116	201.21
58899	116	201.21
58949	116	201.21
58999	116	201.21
59049	117	201.21
59099	117	201.21
59149	117	201.21
59199	117	201.21
59249	117	201.21
59299	117	201.21
59348	117	201.21
59399	117	201.21
59449	117	201.21
59499	117	201.21
59549	118	201.21
59599	118	201.21
59649	118	203.64
59699	118	203.64
59749	118	203.64
59799	118	203.64
59849	118	201.21
59899	118	201.21
59949	118	203.64
59999	118	203.64
60049	119	203.64
60099	119	203.64
60149	119	203.64
60199	119	203.64
60249	119	201.21
60299	119	203.64
60349	119	203.64
60399	119	203.64
60449	119	203.64
60499	119	201.21
60549	120	203.64
60599	120	203.64
60649	120	201.21
60699	120	203.64
60749	120	203.64
60800	120	203.64
60849	120	203.64
60899	120	203.64
60949	120	203.64
60999	120	203.64
61049	121	203.64
61099	121	203.64
61149	121	203.64
61199	121	206.06
61249	121	203.64
61299	121	203.64
61349	121	203.64
61399	121	203.64
61449	121	203.64
61499	121	203.64
61549	122	203.64
61599	122	203.64
61649	122	206.06
61699	122	203.64
61749	122	203.64
61799	122	203.64
61849	122	203.64
61899	122	206.06
61949	122	206.06
61999	122	206.06
62049	123	206.06
62099	123	206.06
62149	123	203.64
62199	123	203.64
62249	123	206.06
62299	123	206.06
62349	123	206.06
62399	123	206.06
62449	123	206.06
62499	123	206.06
62548	124	206.06
62599	124	203.64
62649	124	206.06
62699	124	206.06
62749	124	206.06
62799	124	203.64
62849	124	206.06
62899	124	206.06
62949	124	203.64
62999	124	203.64
63049	125	206.06
63099	125	206.06
63149	125	203.64
63199	125	206.06
63249	125	206.06
63299	125	206.06
63349	125	206.06
63399	125	206.06
63449	125	206.06
63499	125	206.06
63549	126	206.06
63599	126	206.06
63649	126	206.06
63699	126	206.06
63749	126	206.06
63799	126	206.06
63849	126	206.06
63899	126	206.06
63949	126	206.06
64000	126	206.06
64049	127	206.06
64099	127	206.06
64149	127	206.06
64199	127	208.48
64249	127	206.06
64299	127	206.06
64349	127	206.06
64399	127	206.06
64449	127	206.06
64499	127	206.06
64549	128	206.06
64599	128	208.48
64649	128	208.48
64699	128	208.48
64749	128	206.06
64799	128	206.06
64849	128	206.06
64899	128	206.06
64949	128	206.06
64999	128	206.06
65049	129	206.06
65099	129	208.48
65149	129	208.48
65199	129	206.06
65249	129	206.06
65299	129	206.06
65349	129	206.06
65399	129	206.06
65449	129	208.48
65499	129	208.48
65549	130	208.48
65599	130	208.48
65649	130	208.48
65699	130	208.48
65748	130	208.48
65799	130	208.48
65849	130	208.48
65899	130	206.06
65949	130	206.06
65999	130	208.48
66049	131	208.48
66099	131	208.48
66149	131	208.48
66199	131	208.48
66249	131	208.48
66299	131	208.48
66349	131	208.48
66399	131	208.48
66449	131	208.48
66499	131	208.48
66549	132	208.48
66599	132	208.48
66649	132	208.48
66699	132	208.48
66749	132	208.48
66799	132	210.91
66849	132	208.48
66899	132	208.48
66949	132	208.48
66999	132	208.48
67049	133	208.48
67099	133	210.91
67149	133	210.91
67200	133	210.91
67249	133	208.48
67299	133	208.48
67349	133	210.91
67399	133	208.48
67449	133	208.48
67499	133	208.48
67549	134	208.48
67599	134	210.91
67649	134	208.48
67699	134	208.48
67749	134	208.48
67799	134	208.48
67849	134	208.48
67899	134	208.48
67949	134	210.91
67999	134	210.91
68049	135	210.91
68099	135	210.91
68149	135	210.91
68199	135	210.91
68249	135	210.91
68299	135	210.91
68349	135	210.91
68399	135	208.48
68449	135	208.48
68499	135	210.91
68549	136	210.91
68599	136	208.48
68649	136	210.91
68699	136	210.91
68749	136	210.91
68799	136	210.91
68849	136	208.48
68899	136	210.91
68948	136	210.91
68999	136	210.91
69049	137	210.91
69099	137	210.91
69149	137	208.48
69199	137	210.91
69249	137	210.91
69299	137	208.48
69349	137	210.91
69399	137	210.91
69449	137	210.91
69499	137	210.91
69549	138	208.48
69599	138	210.91
69649	138	210.91
69699	138	210.91
69749	138	210.91
69799	138	210.91
69849	138	210.91
69899	138	210.91
69949	138	213.33
69999	138	210.91
70049	139	210.91
70099	139	213.33
70149	139	210.91
70199	139	210.91
70249	139	210.91
70299	139	210.91
70349	139	210.91
70400	139	213.33
70449	139	210.91
70499	139	210.91
70549	140	210.91
70599	140	213.33
70649	140	210.91
70699	140	213.33
70749	140	210.91
70799	140	210.91
70849	140	210.91
70899	140	213.33
70949	140	210.91
70999	140	210.91
71049	141	210.91
71099	141	210.91
71149	141	213.33
71199	141	210.91
71249	141	210.91
71299	141	210.91
71349	141	213.33
71399	141	210.91
71449	141	210.91
71499	141	210.91
71549	142	210.91
71599	142	210.91
71649	142	210.91
71699	142	213.33
71749	142	213.33
71799	142	213.33
71849	142	213.33
71899	142	210.91
71949	142	210.91
71999	142	213.33
72049	143	213.33
72099	143	210.91
72148	143	210.91
72199	143	213.33
72249	143	210.91
72299	143	213.33
72349	143	213.33
72399	143	213.33
72449	143	213.33
72499	143	213.33
72549	144	213.33
72599	144	213.33
72649	144	213.33
72699	144	213.33
72749	144	213.33
72799	144	213.33
72849	144	213.33
72899	144	213.33
72949	144	213.33
72999	144	213.33
73049	145	213.33
73099	145	213.33
73149	145	215.76
73199	145	213.33
73249	145	213.33
73299	145	215.76
73349	145	213.33
73399	145	213.33
73449	145	213.33
73499	145	213.33
73549	146	213.33
73600	146	213.33
73649	146	213.33
73699	146	213.33
73749	146	213.33
73799	146	213.33
73849	146	213.33
73899	146	213.33
73949	146	215.76
73999	146	213.33
74049	147	213.33
74099	147	213.33
74149	147	215.76
74199	147	215.76
74249	147	213.33
74299	147	213.33
74349	147	215.76
74399	147	215.76
74449	147	213.33
74499	147	213.33
74549	148	213.33
74599	148	213.33
74649	148	213.33
74699	148	213.33
74749	148	213.33
74799	148	215.76
74849	148	215.76
74899	148	215.76
74949	148	218.18
74999	148	218.18
75049	149	215.76
75099	149	215.76
75149	149	215.76
75199	149	215.76
75249	149	215.76
75299	149	215.76
75348	149	215.76
75399	149	218.18
75449	149	218.18
75499	149	218.18
75549	150	215.76
75599	150	215.76
75649	150	215.76
75699	150	215.76
75749	150	218.18
75799	150	218.18
75849	150	218.18
75899	150	215.76
75949	150	215.76
75999	150	215.76
76049	151	215.76
76099	151	215.76
76149	151	215.76
76199	151	218.18
76249	151	215.76
76299	151	215.76
76349	151	215.76
76399	151	215.76
76449	151	215.76
76499	151	215.76
76549	152	218.18
76599	152	218.18
76649	152	218.18
76699	152	215.76
76749	152	215.76
76800	152	215.76
76849	152	215.76
76899	152	215.76
76949	152	215.76
76999	152	218.18
77049	153	215.76
77099	153	215.76
77149	153	215.76
77199	153	215.76
77249	153	215.76
77299	153	215.76
77349	153	218.18
77399	153	218.18
77449	153	215.76
77499	153	215.76
77549	154	215.76
77599	154	215.76
77649	154	215.76
77699	154	215.76
77749	154	218.18
77799	154	218.18
77849	154	215.76
77899	154	215.76
77949	154	215.76
77999	154	215.76
78049	155	215.76
78099	155	218.18
78149	155	218.18
78199	155	215.76
78249	155	215.76
78299	155	215.76
78349	155	215.76
78399	155	215.76
78449	155	218.18
78499	155	218.18
78548	156	218.18
78599	156	218.18
78649	156	215.76
78699	156	215.76
78749	156	215.76
78799	156	215.76
78849	156	215.76
78899	156	215.76
78949	156	215.76
78999	156	215.76
79049	157	215.76
79099	157	215.76
79149	157	215.76
79199	157	215.76
79249	157	218.18
79299	157	218.18
79349	157	218.18
79399	157	218.18
79449	157	215.76
79499	157	215.76
79549	158	215.76
79599	158	215.76
79649	158	215.76
79699	158	218.18
79749	158	215.76
79799	158	215.76
79849	158	215.76
79899	158	215.76
79949	158	215.76
80000	158	215.76
80049	159	218.18
80099	159	218.18
80149	159	218.18
80199	159	215.76
80249	159	215.76
80299	159	215.76
80349	159	215.76
80399	159	218.18
80449	159	218.18
80499	159	218.18
80549	160	218.18
80599	160	215.76
80649	160	215.76
80699	160	215.76
80749	160	215.76
80799	160	215.76
80849	160	215.76
80899	160	215.76
80949	160	215.76
80999	160	215.76
81049	161	215.76
81099	161	215.76
81149	161	215.76
81199	161	215.76
81249	161	218.18
81299	161	218.18
81349	161	218.18
81399	161	218.18
81449	161	215.76
81499	161	215.76
81549	162	218.18
81599	162	218.18
81649	162	215.76
81699	162	215.76
81748	162	218.18
81799	162	215.76
81849	162	215.76
81899	162	215.76
81949	162	215.76
81999	162	215.76
82049	163	215.76
82099	163	218.18
82149	163	218.18
82199	163	218.18
82249	163	215.76
82299	163	215.76
82349	163	215.76
82399	163	218.18
82449	163	218.18
82499	163	218.18
82549	164	215.76
82599	164	215.76
82649	164	215.76
82699	164	215.76
82749	164	215.76
82799	164	215.76
82849	164	215.76
82899	164	218.18
82949	164	218.18
82999	164	218.18
83049	165	218.18
83099	165	215.76
83149	165	215.76
83200	165	215.76
83249	165	215.76
83299	165	215.76
83349	165	215.76
83399	165	215.76
83449	165	218.18
83499	165	220.61
83549	166	220.61
83599	166	220.61
83649	166	220.61
83699	166	220.61
83749	166	220.61
83799	166	220.61
83849	166	218.18
83899	166	218.18
83949	166	218.18
83999	166	218.18
84049	167	220.61
84099	167	220.61
84149	167	220.61
84199	167	218.18
84249	167	218.18
84299	167	220.61
84349	167	220.61
84399	167	220.61
84449	167	218.18
84499	167	218.18
84549	168	220.61
84599	168	220.61
84649	168	218.18
84699	168	220.61
84749	168	220.61
84799	168	220.61
84849	168	220.61
84899	168	220.61
84948	168	220.61
84999	168	218.18
85049	169	218.18
85099	169	220.61
85149	169	220.61
85199	169	220.61
85249	169	220.61
85299	169	218.18
85349	169	220.61
85399	169	220.61
85449	169	220.61
85499	169	220.61
85549	170	218.18
85599	170	220.61
85649	170	220.61
85699	170	220.61
85749	170	220.61
85799	170	220.61
85849	170	220.61
85899	170	220.61
85949	170	220.61
85999	170	220.61
86049	171	218.18
86099	171	220.61
86149	171	218.18
86199	171	220.61
86249	171	220.61
86299	171	220.61
86349	171	220.61
86400	171	218.18
86449	171	220.61
86499	171	220.61
86549	172	223.03
86599	172	220.61
86649	172	220.61
86699	172	220.61
86749	172	220.61
86799	172	220.61
86849	172	220.61
86899	172	220.61
86949	172	220.61
86999	172	220.61
87049	173	223.03
87099	173	220.61
87149	173	220.61
87199	173	220.61
87249	173	220.61
87299	173	220.61
87349	173	220.61
87399	173	220.61
87449	173	223.03
87499	173	220.61
87549	174	220.61
87599	174	220.61
87649	174	223.03
87699	174	223.03
87749	174	220.61
87799	174	220.61
87849	174	220.61
87899	174	220.61
87949	174	220.61
87999	174	220.61
88049	175	220.61
88099	175	223.03
88148	175	223.03
88199	175	223.03
88249	175	223.03
88299	175	223.03
88349	175	220.61
88399	175	223.03
88449	175	223.03
88499	175	223.03
88549	176	220.61
88599	176	220.61
88649	176	220.61
88699	176	223.03
88749	176	223.03
88799	176	223.03
88849	176	223.03
88899	176	220.61
88949	176	220.61
88999	176	220.61
89049	177	220.61
89099	177	220.61
89149	177	223.03
89199	177	223.03
89249	177	223.03
89299	177	220.61
89349	177	220.61
89399	177	220.61
89449	177	220.61
89499	177	223.03
89549	178	223.03
89600	178	223.03
89649	178	223.03
89699	178	223.03
89749	178	220.61
89799	178	223.03
89849	178	223.03
89899	178	223.03
89949	178	220.61
89999	178	220.61
90049	179	223.03
90099	179	223.03
90149	179	220.61
90199	179	220.61
90249	179	223.03
90299	179	223.03
90349	179	223.03
90399	179	223.03
90449	179	223.03
90499	179	220.61
90549	180	223.03
90599	180	223.03
90649	180	223.03
90699	180	223.03
90749	180	223.03
90799	180	223.03
90849	180	223.03
90899	180	223.03
90949	180	223.03
90999	180	220.61
91049	181	223.03
91099	181	223.03
91149	181	223.03
91199	181	220.61
91249	181	223.03
91299	181	223.03
91348	181	223.03
91399	181	223.03
91449	181	223.03
91499	181	223.03
91549	182	223.03
91599	182	223.03
91649	182	225.45
91699	182	223.03
91749	182	220.61
91799	182	223.03
91849	182	223.03
91899	182	223.03
91949	182	223.03
91999	182	223.03
92049	183	223.03
92099	183	223.03
92149	183	223.03
92199	183	223.03
92249	183	223.03
92299	183	223.03
92349	183	223.03
92399	183	223.03
92449	183	223.03
92499	183	223.03
92549	184	223.03
92599	184	223.03
92649	184	223.03
92699	184	225.45
92749	184	223.03
92800	184	223.03
92849	184	225.45
92899	184	223.03
92949	184	223.03
92999	184	223.03
93049	185	225.45
93099	185	223.03
93149	185	223.03
93199	185	223.03
93249	185	223.03
93299	185	223.03
93349	185	225.45
93399	185	223.03
93449	185	223.03
93499	185	223.03
93549	186	223.03
93599	186	223.03
93649	186	223.03
93699	186	223.03
93749	186	223.03
93799	186	223.03
93849	186	223.03
93899	186	225.45
93949	186	225.45
93999	186	225.45
94049	187	225.45
94099	187	225.45
94149	187	223.03
94199	187	223.03
94249	187	225.45
94299	187	225.45
94349	187	225.45
94399	187	225.45
94449	187	225.45
94499	187	225.45
94548	188	225.45
94599	188	223.03
94649	188	223.03
94699	188	223.03
94749	188	225.45
94799	188	225.45
94849	188	225.45
94899	188	223.03
94949	188	223.03
94999	188	225.45
95049	189	225.45
95099	189	223.03
95149	189	223.03
95199	189	223.03
95249	189	225.45
95299	189	225.45
95349	189	223.03
95399	189	225.45
95449	189	225.45
95499	189	225.45
95549	190	225.45
95599	190	223.03
95649	190	225.45
95699	190	225.45
95749	190	223.03
95799	190	225.45
95849	190	225.45
95899	190	223.03
95949	190	225.45
96000	190	225.45
96049	191	223.03
96099	191	225.45
96149	191	225.45
96199	191	223.03
96249	191	225.45
96299	191	225.45
96349	191	223.03
96399	191	225.45
96449	191	225.45
96499	191	223.03
96549	192	225.45
96599	192	225.45
96649	192	223.03
96699	192	225.45
96749	192	223.03
96799	192	225.45
96849	192	225.45
96899	192	225.45
96949	192	225.45
96999	192	223.03
97049	193	225.45
97099	193	225.45
97149	193	225.45
97199	193	225.45
97249	193	225.45
97299	193	225.45
97349	193	225.45
97399	193	225.45
97449	193	225.45
97499	193	225.45
97549	194	225.45
97599	194	223.03
97649	194	225.45
97699	194	225.45
97748	194	225.45
97799	194	225.45
97849	194	223.03
97899	194	225.45
97949	194	225.45
97999	194	225.45
98049	195	225.45
98099	195	225.45
98149	195	225.45
98199	195	225.45
98249	195	225.45
98299	195	227.88
98349	195	225.45
98399	195	225.45
98449	195	227.88
98499	195	225.45
98549	196	225.45
98599	196	225.45
98649	196	225.45
98699	196	225.45
98749	196	225.45
98799	196	225.45
98849	196	225.45
98899	196	225.45
98949	196	225.45
98999	196	225.45
99049	197	225.45
99099	197	225.45
99149	197	225.45
99200	197	225.45
99249	197	225.45
99299	197	225.45
99349	197	225.45
99399	197	225.45
99449	197	227.88
99499	197	225.45
99549	198	225.45
99599	198	225.45
99649	198	225.45
99699	198	225.45
99749	198	225.45
99799	198	227.88
99849	198	227.88
99899	198	227.88
99949	198	225.45
99999	198	225.45
100049	199	225.45
100099	199	225.45
100149	199	225.45
100199	199	225.45
100249	199	225.45
100299	199	225.45
100349	199	225.45
100399	199	225.45
100449	199	225.45
100499	199	225.45
100549	200	225.45
100599	200	225.45
100649	200	225.45
100699	200	225.45
100749	200	225.45
100799	200	225.45
100849	200	225.45
100899	200	227.88
100948	200	227.88
100999	200	227.88
101049	201	227.88
101099	201	227.88
101149	201	225.45
101199	201	225.45
101249	201	225.45
101299	201	225.45
101349	201	227.88
101399	201	227.88
101449	201	225.45
101499	201	225.45
101549	202	225.45
101599	202	225.45
101649	202	227.88
101699	202	227.88
101749	202	225.45
101799	202	225.45
101849	202	225.45
101899	202	227.88
101949	202	227.88
101999	202	225.45
102049	203	225.45
102099	203	225.45
102149	203	227.88
102199	203	227.88
102249	203	225.45
102299	203	225.45
102349	203	225.45
102400	203	227.88
102449	203	225.45
102499	203	225.45
102549	204	225.45
102599	204	225.45
102649	204	225.45
102699	204	227.88
102749	204	225.45
102799	204	225.45
102849	204	225.45
102899	204	225.45
102949	204	227.88
102999	204	225.45
103049	205	225.45
103099	205	227.88
103149	205	227.88
103199	205	225.45
103249	205	227.88
103299	205	227.88
103349	205	225.45
103399	205	227.88
103449	205	227.88
103499	205	225.45
103549	206	227.88
103599	206	227.88
103649	206	225.45
103699	206	225.45
103749	206	227.88
103799	206	225.45
103849	206	227.88
103899	206	227.88
103949	206	225.45
103999	206	227.88
104049	207	227.88
104099	207	225.45
104148	207	225.45
104199	207	227.88
104249	207	227.88
104299	207	227.88
104349	207	227.88
104399	207	225.45
104449	207	225.45
104499	207	227.88
104549	208	225.45
104599	208	227.88
104649	208	227.88
104699	208	225.45
104749	208	227.88
104799	208	227.88
104849	208	227.88
104899	208	227.88
104949	208	225.45
104999	208	227.88
105049	209	227.88
105099	209	227.88
105149	209	227.88
105199	209	227.88
105249	209	227.88
105299	209	225.45
105349	209	227.88
105399	209	227.88
105449	209	227.88
105499	209	225.45
105549	210	227.88
105600	210	225.45
105649	210	227.88
105699	210	225.45
105749	210	227.88
105799	210	227.88
105849	210	227.88
105899	210	227.88
105949	210	227.88
105999	210	227.88
106049	211	227.88
106099	211	227.88
106149	211	227.88
106199	211	227.88
106249	211	227.88
106299	211	227.88
106349	211	227.88
106399	211	227.88
106449	211	227.88
106499	211	227.88
106549	212	227.88
106599	212	227.88
106649	212	227.88
106699	212	227.88
106749	212	227.88
106799	212	227.88
106849	212	227.88
106899	212	227.88
106949	212	227.88
106999	212	227.88
107049	213	227.88
107099	213	227.88
107149	213	227.88
107199	213	227.88
107249	213	227.88
107299	213	227.88
107348	213	227.88
107399	213	227.88
107449	213	227.88
107499	213	227.88
107549	214	227.88
107599	214	227.88
107649	214	227.88
107699	214	227.88
107749	214	227.88
107799	214	227.88
107849	214	230.30
107899	214	227.88
107949	214	227.88
107999	214	227.88
108049	215	227.88
108099	215	227.88
108149	215	230.30
108199	215	230.30
108249	215	230.30
108299	215	227.88
108349	215	227.88
108399	215	227.88
108449	215	227.88
108499	215	227.88
108549	216	227.88
108599	216	227.88
108649	216	230.30
108699	216	227.88
108749	216	227.88
108800	216	227.88
108849	216	227.88
108899	216	227.88
108949	216	227.88
108999	216	227.88
109049	217	227.88
109099	217	227.88
109149	217	227.88
109199	217	230.30
109249	217	230.30
109299	217	227.88
109349	217	227.88
109399	217	227.88
109449	217	227.88
109499	217	227.88
109549	218	227.88
109599	218	227.88
109649	218	227.88
109699	218	227.88
109749	218	227.88
109799	218	227.88
109849	218	227.88
109899	218	227.88
109949	218	227.88
109999	218	227.88
110049	219	227.88
110099	219	227.88
110149	219	227.88
110199	219	227.88
110249	219	227.88
110299	219	227.88
110349	219	227.88
110399	219	227.88
110449	219	227.88
110499	219	227.88
110548	220	227.88
110599	220	227.88
110649	220	227.88
110699	220	227.88
110749	220	227.88
110799	220	230.30
110849	220	230.30
110899	220	230.30
110949	220	230.30
110999	220	230.30
111049	221	227.88
111099	221	227.88
111149	221	227.88
111199	221	227.88
111249	221	227.88
111299	221	227.88
111349	221	227.88
111399	221	230.30
111449	221	230.30
111499	221	230.30
111549	222	230.30
111599	222	230.30
111649	222	227.88
111699	222	227.88
111749	222	227.88
111799	222	227.88
111849	222	230.30
111899	222	230.30
111949	222	227.88
112000	222	227.88
112049	223	227.88
112099	223	227.88
112149	223	230.30
112199	223	230.30
112249	223	230.30
112299	223	230.30
112349	223	227.88
112399	223	227.88
112449	223	230.30
112499	223	230.30
112549	224	230.30
112599	224	227.88
112649	224	227.88
112699	224	227.88
112749	224	227.88
112799	224	230.30
112849	224	230.30
112899	224	227.88
112949	224	227.88
112999	224	227.88
113049	225	227.88
113099	225	230.30
113149	225	227.88
113199	225	227.88
113249	225	227.88
113299	225	230.30
113349	225	230.30
113399	225	227.88
113449	225	230.30
113499	225	230.30
113549	226	230.30
113599	226	227.88
113649	226	227.88
113699	226	230.30
113748	226	230.30
113799	226	227.88
113849	226	227.88
113899	226	230.30
113949	226	230.30
113999	226	227.88
114049	227	227.88
114099	227	227.88
114149	227	230.30
114199	227	230.30
114249	227	227.88
114299	227	227.88
114349	227	230.30
114399	227	230.30
114449	227	227.88
114499	227	230.30
114549	228	230.30
114599	228	227.88
114649	228	227.88
114699	228	230.30
114749	228	227.88
114799	228	227.88
114849	228	230.30
114899	228	227.88
114949	228	230.30
114999	228	230.30
115049	229	227.88
115099	229	230.30
115149	229	230.30
115200	229	230.30
115249	229	230.30
115299	229	227.88
115349	229	230.30
115399	229	230.30
115449	229	230.30
115499	229	230.30
115549	230	227.88
115599	230	230.30
115649	230	230.30
115699	230	230.30
115749	230	230.30
115799	230	227.88
115849	230	230.30
115899	230	230.30
115949	230	227.88
115999	230	230.30
116049	231	227.88
116099	231	230.30
116149	231	230.30
116199	231	227.88
116249	231	230.30
116299	231	230.30
116349	231	230.30
116399	231	227.88
116449	231	230.30
116499	231	230.30
116549	232	230.30
116599	232	227.88
116649	232	230.30
116699	232	230.30
116749	232	230.30
116799	232	230.30
116849	232	230.30
116899	232	230.30
116948	232	227.88
116999	232	230.30
117049	233	227.88
117099	233	230.30
117149	233	227.88
117199	233	230.30
117249	233	227.88
117299	233	230.30
117349	233	230.30
117399	233	230.30
117449	233	230.30
117499	233	230.30
117549	234	230.30
117599	234	230.30
117649	234	230.30
117699	234	227.88
117749	234	230.30
117799	234	230.30
117849	234	230.30
117899	234	230.30
117949	234	230.30
117999	234	230.30
118049	235	230.30
118099	235	230.30
118149	235	227.88
118199	235	230.30
118249	235	227.88
118299	235	230.30
118349	235	230.30
118400	235	230.30
118449	235	230.30
118499	235	230.30
118549	236	230.30
118599	236	230.30
118649	236	230.30
118699	236	230.30
118749	236	230.30
118799	236	230.30
118849	236	227.88
118899	236	230.30
118949	236	230.30
118999	236	230.30
119049	237	230.30
119099	237	230.30
119149	237	230.30
119199	237	230.30
119249	237	230.30
119299	237	230.30
119349	237	230.30
119399	237	230.30
119449	237	230.30
119499	237	227.88
119549	238	230.30
119599	238	230.30
119649	238	230.30
119699	238	230.30
119749	238	230.30
119799	238	230.30
119849	238	230.30
119899	238	230.30
119949	238	230.30
119999	238	230.30
120049	239	227.88
120099	239	230.30
120148	239	230.30
120199	239	230.30
120249	239	230.30
120299	239	230.30
120349	239	230.30
120399	239	230.30
120449	239	230.30
120499	239	230.30
120549	240	230.30
120599	240	230.30
120649	240	230.30
120699	240	230.30
120749	240	230.30
120799	240	230.30
120849	240	230.30
120899	240	230.30
120949	240	230.30
120999	240	230.30
121049	241	230.30
121099	241	230.30
121149	241	230.30
121199	241	230.30
121249	241	230.30
121299	241	230.30
121349	241	230.30
121399	241	230.30
121449	241	230.30
121499	241	230.30
121549	242	230.30
121600	242	230.30
121649	242	230.30
121699	242	230.30
121749	242	230.30
121799	242	230.30
121849	242	230.30
121899	242	230.30
121949	242	230.30
121999	242	230.30
122049	243	230.30
122099	243	230.30
122149	243	232.73
122199	243	230.30
122249	243	230.30
122299	243	230.30
122349	243	230.30
122399	243	230.30
122449	243	230.30
122499	243	230.30
122549	244	230.30
122599	244	230.30
122649	244	230.30
122699	244	230.30
122749	244	230.30
122799	244	230.30
122849	244	230.30
122899	244	232.73
122949	244	232.73
122999	244	232.73
123049	245	232.73
123099	245	230.30
123149	245	230.30
123199	245	232.73
123249	245	232.73
123299	245	230.30
123348	245	232.73
123399	245	232.73
123449	245	232.73
123499	245	232.73
123549	246	230.30
123599	246	230.30
123649	246	232.73
123699	246	230.30
123749	246	230.30
123799	246	230.30
123849	246	230.30
123899	246	230.30
123949	246	230.30
123999	246	230.30
124049	247	230.30
124099	247	230.30
124149	247	230.30
124199	247	230.30
124249	247	232.73
124299	247	232.73
124349	247	232.73
124399	247	230.30
124449	247	230.30
124499	247	230.30
124549	248	230.30
124599	248	230.30
124649	248	230.30
124699	248	230.30
124749	248	232.73
124800	248	232.73
124849	248	230.30
124899	248	230.30
124949	248	230.30
124999	248	230.30
125049	249	230.30
125099	249	232.73
125149	249	232.73
125199	249	232.73
125249	249	230.30
125299	249	230.30
125349	249	230.30
125399	249	230.30
125449	249	232.73
125499	249	232.73
125549	250	230.30
125599	250	230.30
125649	250	232.73
125699	250	232.73
125749	250	230.30
125799	250	230.30
125849	250	232.73
125899	250	232.73
125949	250	232.73
125999	250	230.30
126049	251	230.30
126099	251	230.30
126149	251	232.73
126199	251	232.73
126249	251	232.73
126299	251	230.30
126349	251	230.30
126399	251	232.73
126449	251	232.73
126499	251	232.73
126548	252	230.30
126599	252	230.30
126649	252	232.73
126699	252	232.73
126749	252	230.30
126799	252	230.30
126849	252	232.73
126899	252	230.30
126949	252	230.30
126999	252	230.30
127049	253	232.73
127099	253	230.30
127149	253	232.73
127199	253	232.73
127249	253	230.30
127299	253	232.73
127349	253	232.73
127399	253	230.30
127449	253	232.73
127499	253	232.73
127549	254	230.30
127599	254	232.73
127649	254	230.30
127699	254	232.73
127749	254	230.30
127799	254	232.73
127849	254	232.73
127899	254	232.73
127949	254	230.30
128000	254	232.73
128049	255	232.73
128099	255	235.15
128149	255	235.15
128199	255	235.15
128249	255	232.73
128299	255	232.73
128349	255	232.73
128399	255	232.73
128449	255	235.15
128499	255	235.15
128549	0	227.88
128599	0	210.91
128649	0	193.94
128699	0	176.97
128749	0	160.00
128799	0	145.45
128849	0	130.91
128899	0	118.79
128949	0	101.82
128999	0	92.12
129049	0	77.58
129099	0	67.88
129149	0	55.76
129199	0	43.64
129249	0	31.52
129299	0	21.82
129349	0	12.12
129399	0	4.85
129449	0	0.00
129499	0	0.00
129549	0	0.00
129599	0	0.00
129649	0	0.00
129699	0	0.00
129748	0	0.00
129799	0	0.00
129849	0	0.00
129899	0	0.00
129949	0	0.00
129999	0	0.00